ODB Name,Step,Frame,Part Instance Name,    êﬂì_ÉâÉxÉã,X,Y,Z,Section Name,Material Name,Section Point,   U-Magnitude,          U-U1,          U-U2,       S-Mises
C:/temp/dataset/7/12_4.odb,Step-1,Increment      1: Step Time =    1.000,"PART-1-1",             1,          -15.,           20.,            0.,NA,NA,"",       3.19240,      -1.86949,      -2.58774,   8.11117E-06
C:/temp/dataset/7/12_4.odb,Step-1,Increment      1: Step Time =    1.000,"PART-1-1",             2,          -15.,           25.,            0.,NA,NA,"",       3.52651,      -2.36864,      -2.61263,   40.6818E-06
C:/temp/dataset/7/12_4.odb,Step-1,Increment      1: Step Time =    1.000,"PART-1-1",             3,      -11.6500,           20.,            0.,NA,NA,"",       2.93860,      -1.88619,      -2.25337,   38.6768E-06
C:/temp/dataset/7/12_4.odb,Step-1,Increment      1: Step Time =    1.000,"PART-1-1",             4,      -8.30000,           20.,            0.,NA,NA,"",       2.70223,      -1.90261,      -1.91889,   191.577E-06
C:/temp/dataset/7/12_4.odb,Step-1,Increment      1: Step Time =    1.000,"PART-1-1",             5,           -5.,           20.,            0.,NA,NA,"",       2.49057,      -1.91838,      -1.58832,   355.636E-06
C:/temp/dataset/7/12_4.odb,Step-1,Increment      1: Step Time =    1.000,"PART-1-1",             6,      -1.65000,           20.,            0.,NA,NA,"",       2.30378,      -1.93521,      -1.24994,   353.485E-06
C:/temp/dataset/7/12_4.odb,Step-1,Increment      1: Step Time =    1.000,"PART-1-1",             7,       1.70000,           20.,            0.,NA,NA,"",       2.15555,      -1.95523,  -907.467E-03,   3.87443E-03
C:/temp/dataset/7/12_4.odb,Step-1,Increment      1: Step Time =    1.000,"PART-1-1",             8,            5.,           20.,            0.,NA,NA,"",       2.06698,      -1.99058,  -556.790E-03,   16.1294E-03
C:/temp/dataset/7/12_4.odb,Step-1,Increment      1: Step Time =    1.000,"PART-1-1",             9,            5.,         13.75,            0.,NA,NA,"",       1.58615,      -1.51719,  -462.610E-03,   11.8660E-03
C:/temp/dataset/7/12_4.odb,Step-1,Increment      1: Step Time =    1.000,"PART-1-1",            10,            5.,           7.5,            0.,NA,NA,"",       1.16265,      -1.09806,  -382.130E-03,   11.7607E-03
C:/temp/dataset/7/12_4.odb,Step-1,Increment      1: Step Time =    1.000,"PART-1-1",            11,            5.,          1.25,            0.,NA,NA,"",   810.520E-03,  -750.183E-03,  -306.869E-03,   11.5254E-03
C:/temp/dataset/7/12_4.odb,Step-1,Increment      1: Step Time =    1.000,"PART-1-1",            12,            5.,           -5.,            0.,NA,NA,"",   528.211E-03,  -472.197E-03,  -236.721E-03,   11.2150E-03
C:/temp/dataset/7/12_4.odb,Step-1,Increment      1: Step Time =    1.000,"PART-1-1",            13,            5.,        -11.25,            0.,NA,NA,"",   312.927E-03,  -261.945E-03,  -171.197E-03,   10.8357E-03
C:/temp/dataset/7/12_4.odb,Step-1,Increment      1: Step Time =    1.000,"PART-1-1",            14,            5.,         -17.5,            0.,NA,NA,"",   160.369E-03,  -116.854E-03,  -109.833E-03,   10.3962E-03
C:/temp/dataset/7/12_4.odb,Step-1,Increment      1: Step Time =    1.000,"PART-1-1",            15,            5.,        -23.75,            0.,NA,NA,"",   62.4342E-03,  -33.9748E-03,  -52.3808E-03,   9.82863E-03
C:/temp/dataset/7/12_4.odb,Step-1,Increment      1: Step Time =    1.000,"PART-1-1",            16,            5.,          -30.,            0.,NA,NA,"",            0.,  -2.76690E-39,  -5.36220E-39,   10.4727E-03
C:/temp/dataset/7/12_4.odb,Step-1,Increment      1: Step Time =    1.000,"PART-1-1",            17,           15.,          -30.,            0.,NA,NA,"",            0.,  -1.62218E-39,   3.18462E-39,   6.06774E-03
C:/temp/dataset/7/12_4.odb,Step-1,Increment      1: Step Time =    1.000,"PART-1-1",            18,           15.,         -22.5,            0.,NA,NA,"",   59.4604E-03,  -39.7786E-03,   44.1951E-03,   7.12084E-03
C:/temp/dataset/7/12_4.odb,Step-1,Increment      1: Step Time =    1.000,"PART-1-1",            19,           15.,          -15.,            0.,NA,NA,"",   187.892E-03,  -163.351E-03,   92.8421E-03,   7.64304E-03
C:/temp/dataset/7/12_4.odb,Step-1,Increment      1: Step Time =    1.000,"PART-1-1",            20,           15.,          -7.5,            0.,NA,NA,"",   405.873E-03,  -379.889E-03,   142.887E-03,   8.13117E-03
C:/temp/dataset/7/12_4.odb,Step-1,Increment      1: Step Time =    1.000,"PART-1-1",            21,           15.,            0.,            0.,NA,NA,"",   720.578E-03,  -694.392E-03,   192.491E-03,   8.53561E-03
C:/temp/dataset/7/12_4.odb,Step-1,Increment      1: Step Time =    1.000,"PART-1-1",            22,           15.,           7.5,            0.,NA,NA,"",       1.13647,      -1.11093,   239.583E-03,   8.86234E-03
C:/temp/dataset/7/12_4.odb,Step-1,Increment      1: Step Time =    1.000,"PART-1-1",            23,           15.,           15.,            0.,NA,NA,"",       1.65758,      -1.63335,   282.401E-03,   9.20788E-03
C:/temp/dataset/7/12_4.odb,Step-1,Increment      1: Step Time =    1.000,"PART-1-1",            24,           15.,          22.5,            0.,NA,NA,"",       2.28962,      -2.26849,   310.308E-03,   5.54249E-03
C:/temp/dataset/7/12_4.odb,Step-1,Increment      1: Step Time =    1.000,"PART-1-1",            25,           15.,           30.,            0.,NA,NA,"",       2.97656,      -2.96229,   291.193E-03,   155.700E-06
C:/temp/dataset/7/12_4.odb,Step-1,Increment      1: Step Time =    1.000,"PART-1-1",            26,         11.25,           30.,            0.,NA,NA,"",       2.94832,      -2.94788,  -50.9029E-03,   1.53276E-03
C:/temp/dataset/7/12_4.odb,Step-1,Increment      1: Step Time =    1.000,"PART-1-1",            27,           7.5,           30.,            0.,NA,NA,"",       2.96932,      -2.94294,  -394.928E-03,   4.66915E-03
C:/temp/dataset/7/12_4.odb,Step-1,Increment      1: Step Time =    1.000,"PART-1-1",            28,          3.75,           30.,            0.,NA,NA,"",       3.03931,      -2.94372,  -756.245E-03,   5.21414E-03
C:/temp/dataset/7/12_4.odb,Step-1,Increment      1: Step Time =    1.000,"PART-1-1",            29,            0.,           30.,            0.,NA,NA,"",       3.15237,      -2.93849,      -1.14135,   3.13912E-03
C:/temp/dataset/7/12_4.odb,Step-1,Increment      1: Step Time =    1.000,"PART-1-1",            30,         -3.75,           30.,            0.,NA,NA,"",       3.29220,      -2.91992,      -1.52073,   2.23103E-03
C:/temp/dataset/7/12_4.odb,Step-1,Increment      1: Step Time =    1.000,"PART-1-1",            31,          -7.5,           30.,            0.,NA,NA,"",       3.46467,      -2.90433,      -1.88914,   352.213E-06
C:/temp/dataset/7/12_4.odb,Step-1,Increment      1: Step Time =    1.000,"PART-1-1",            32,        -11.25,           30.,            0.,NA,NA,"",       3.66778,      -2.88625,      -2.26321,   66.9652E-06
C:/temp/dataset/7/12_4.odb,Step-1,Increment      1: Step Time =    1.000,"PART-1-1",            33,          -15.,           30.,            0.,NA,NA,"",       3.89608,      -2.86758,      -2.63749,   3.90090E-06
C:/temp/dataset/7/12_4.odb,Step-1,Increment      1: Step Time =    1.000,"PART-1-1",            34,          -15.,          22.5,            0.,NA,NA,"",       3.35434,      -2.11907,      -2.60022,   16.4435E-06
C:/temp/dataset/7/12_4.odb,Step-1,Increment      1: Step Time =    1.000,"PART-1-1",            35,            5.,       15.8333,            0.,NA,NA,"",       1.74255,      -1.67208,  -490.537E-03,   11.5551E-03
C:/temp/dataset/7/12_4.odb,Step-1,Increment      1: Step Time =    1.000,"PART-1-1",            36,            5.,       17.9167,            0.,NA,NA,"",       1.90448,      -1.83255,  -518.472E-03,   13.5603E-03
C:/temp/dataset/7/12_4.odb,Step-1,Increment      1: Step Time =    1.000,"PART-1-1",            37,            5.,       9.58333,            0.,NA,NA,"",       1.29589,      -1.22985,  -408.406E-03,   11.8060E-03
C:/temp/dataset/7/12_4.odb,Step-1,Increment      1: Step Time =    1.000,"PART-1-1",            38,            5.,       11.6667,            0.,NA,NA,"",       1.43708,      -1.36959,  -435.249E-03,   11.7920E-03
C:/temp/dataset/7/12_4.odb,Step-1,Increment      1: Step Time =    1.000,"PART-1-1",            39,            5.,       3.33333,            0.,NA,NA,"",   920.026E-03,  -858.280E-03,  -331.366E-03,   11.6160E-03
C:/temp/dataset/7/12_4.odb,Step-1,Increment      1: Step Time =    1.000,"PART-1-1",            40,            5.,       5.41667,            0.,NA,NA,"",       1.03738,  -974.218E-03,  -356.449E-03,   11.6965E-03
C:/temp/dataset/7/12_4.odb,Step-1,Increment      1: Step Time =    1.000,"PART-1-1",            41,            5.,      -2.91667,            0.,NA,NA,"",   614.711E-03,  -557.220E-03,  -259.568E-03,   11.3210E-03
C:/temp/dataset/7/12_4.odb,Step-1,Increment      1: Step Time =    1.000,"PART-1-1",            42,            5.,  -833.333E-03,            0.,NA,NA,"",   708.779E-03,  -649.855E-03,  -282.942E-03,   11.4280E-03
C:/temp/dataset/7/12_4.odb,Step-1,Increment      1: Step Time =    1.000,"PART-1-1",            43,            5.,      -9.16667,            0.,NA,NA,"",   377.463E-03,  -324.653E-03,  -192.559E-03,   10.9713E-03
C:/temp/dataset/7/12_4.odb,Step-1,Increment      1: Step Time =    1.000,"PART-1-1",            44,            5.,      -7.08333,            0.,NA,NA,"",   449.178E-03,  -394.711E-03,  -214.393E-03,   11.0875E-03
C:/temp/dataset/7/12_4.odb,Step-1,Increment      1: Step Time =    1.000,"PART-1-1",            45,            5.,      -15.4167,            0.,NA,NA,"",   204.628E-03,  -158.154E-03,  -129.846E-03,   10.5521E-03
C:/temp/dataset/7/12_4.odb,Step-1,Increment      1: Step Time =    1.000,"PART-1-1",            46,            5.,      -13.3333,            0.,NA,NA,"",   255.390E-03,  -206.479E-03,  -150.301E-03,   10.6987E-03
C:/temp/dataset/7/12_4.odb,Step-1,Increment      1: Step Time =    1.000,"PART-1-1",            47,            5.,      -21.6667,            0.,NA,NA,"",   89.7753E-03,  -54.8627E-03,  -71.0612E-03,   10.0506E-03
C:/temp/dataset/7/12_4.odb,Step-1,Increment      1: Step Time =    1.000,"PART-1-1",            48,            5.,      -19.5833,            0.,NA,NA,"",   122.231E-03,  -82.4746E-03,  -90.2124E-03,   10.2253E-03
C:/temp/dataset/7/12_4.odb,Step-1,Increment      1: Step Time =    1.000,"PART-1-1",            49,            5.,      -27.9167,            0.,NA,NA,"",   19.9051E-03,  -10.0745E-03,  -17.1673E-03,   9.52426E-03
C:/temp/dataset/7/12_4.odb,Step-1,Increment      1: Step Time =    1.000,"PART-1-1",            50,            5.,      -25.8333,            0.,NA,NA,"",   39.3656E-03,  -19.2798E-03,  -34.3211E-03,   9.38530E-03
C:/temp/dataset/7/12_4.odb,Step-1,Increment      1: Step Time =    1.000,"PART-1-1",            51,          12.5,          -30.,            0.,NA,NA,"",            0.,  -400.043E-42,   4.65552E-39,   2.49974E-03
C:/temp/dataset/7/12_4.odb,Step-1,Increment      1: Step Time =    1.000,"PART-1-1",            52,           10.,          -30.,            0.,NA,NA,"",            0.,   1.75636E-39,  -2.47896E-39,   2.20020E-03
C:/temp/dataset/7/12_4.odb,Step-1,Increment      1: Step Time =    1.000,"PART-1-1",            53,           7.5,          -30.,            0.,NA,NA,"",            0.,   1.32339E-39,  -14.6972E-39,   4.19673E-03
C:/temp/dataset/7/12_4.odb,Step-1,Increment      1: Step Time =    1.000,"PART-1-1",            54,           15.,          -25.,            0.,NA,NA,"",   33.9261E-03,  -18.2786E-03,   28.5810E-03,   6.90881E-03
C:/temp/dataset/7/12_4.odb,Step-1,Increment      1: Step Time =    1.000,"PART-1-1",            55,           15.,         -27.5,            0.,NA,NA,"",   14.9076E-03,  -6.39126E-03,   13.4680E-03,   6.73911E-03
C:/temp/dataset/7/12_4.odb,Step-1,Increment      1: Step Time =    1.000,"PART-1-1",            56,           15.,         -17.5,            0.,NA,NA,"",   135.656E-03,  -112.097E-03,   76.3993E-03,   7.46354E-03
C:/temp/dataset/7/12_4.odb,Step-1,Increment      1: Step Time =    1.000,"PART-1-1",            57,           15.,          -20.,            0.,NA,NA,"",   93.0493E-03,  -70.9721E-03,   60.1759E-03,   7.28221E-03
C:/temp/dataset/7/12_4.odb,Step-1,Increment      1: Step Time =    1.000,"PART-1-1",            58,           15.,          -10.,            0.,NA,NA,"",   322.730E-03,  -297.052E-03,   126.155E-03,   7.97982E-03
C:/temp/dataset/7/12_4.odb,Step-1,Increment      1: Step Time =    1.000,"PART-1-1",            59,           15.,         -12.5,            0.,NA,NA,"",   250.150E-03,  -224.936E-03,   109.449E-03,   7.81492E-03
C:/temp/dataset/7/12_4.odb,Step-1,Increment      1: Step Time =    1.000,"PART-1-1",            60,           15.,          -2.5,            0.,NA,NA,"",   604.623E-03,  -578.400E-03,   176.132E-03,   8.41170E-03
C:/temp/dataset/7/12_4.odb,Step-1,Increment      1: Step Time =    1.000,"PART-1-1",            61,           15.,           -5.,            0.,NA,NA,"",   499.775E-03,  -473.616E-03,   159.570E-03,   8.27842E-03
C:/temp/dataset/7/12_4.odb,Step-1,Increment      1: Step Time =    1.000,"PART-1-1",            62,           15.,            5.,            0.,NA,NA,"",   986.374E-03,  -960.535E-03,   224.291E-03,   8.75639E-03
C:/temp/dataset/7/12_4.odb,Step-1,Increment      1: Step Time =    1.000,"PART-1-1",            63,           15.,           2.5,            0.,NA,NA,"",   847.785E-03,  -821.729E-03,   208.570E-03,   8.64960E-03
C:/temp/dataset/7/12_4.odb,Step-1,Increment      1: Step Time =    1.000,"PART-1-1",            64,           15.,          12.5,            0.,NA,NA,"",       1.47177,      -1.44703,   268.705E-03,   9.12167E-03
C:/temp/dataset/7/12_4.odb,Step-1,Increment      1: Step Time =    1.000,"PART-1-1",            65,           15.,           10.,            0.,NA,NA,"",       1.29820,      -1.27303,   254.399E-03,   8.98134E-03
C:/temp/dataset/7/12_4.odb,Step-1,Increment      1: Step Time =    1.000,"PART-1-1",            66,           15.,           20.,            0.,NA,NA,"",       2.06746,      -2.04482,   305.120E-03,   7.74923E-03
C:/temp/dataset/7/12_4.odb,Step-1,Increment      1: Step Time =    1.000,"PART-1-1",            67,           15.,          17.5,            0.,NA,NA,"",       1.85616,      -1.83257,   295.008E-03,   8.82292E-03
C:/temp/dataset/7/12_4.odb,Step-1,Increment      1: Step Time =    1.000,"PART-1-1",            68,           15.,          27.5,            0.,NA,NA,"",       2.74856,      -2.73195,   301.714E-03,   494.266E-06
C:/temp/dataset/7/12_4.odb,Step-1,Increment      1: Step Time =    1.000,"PART-1-1",            69,           15.,           25.,            0.,NA,NA,"",       2.51837,      -2.49933,   309.074E-03,   2.76998E-03
C:/temp/dataset/7/12_4.odb,Step-1,Increment      1: Step Time =    1.000,"PART-1-1",            70,        13.125,           30.,            0.,NA,NA,"",       2.95680,      -2.95439,   119.517E-03,   275.725E-06
C:/temp/dataset/7/12_4.odb,Step-1,Increment      1: Step Time =    1.000,"PART-1-1",            71,         9.375,           30.,            0.,NA,NA,"",       2.95245,      -2.94412,  -221.621E-03,   3.23854E-03
C:/temp/dataset/7/12_4.odb,Step-1,Increment      1: Step Time =    1.000,"PART-1-1",            72,         5.625,           30.,            0.,NA,NA,"",       2.99864,      -2.94341,  -572.856E-03,   5.27130E-03
C:/temp/dataset/7/12_4.odb,Step-1,Increment      1: Step Time =    1.000,"PART-1-1",            73,         1.875,           30.,            0.,NA,NA,"",       3.09033,      -2.94229,  -945.022E-03,   4.54045E-03
C:/temp/dataset/7/12_4.odb,Step-1,Increment      1: Step Time =    1.000,"PART-1-1",            74,        -1.875,           30.,            0.,NA,NA,"",       3.22005,      -2.92958,      -1.33652,   4.31819E-03
C:/temp/dataset/7/12_4.odb,Step-1,Increment      1: Step Time =    1.000,"PART-1-1",            75,        -5.625,           30.,            0.,NA,NA,"",       3.37411,      -2.91282,      -1.70297,   915.299E-06
C:/temp/dataset/7/12_4.odb,Step-1,Increment      1: Step Time =    1.000,"PART-1-1",            76,        -9.375,           30.,            0.,NA,NA,"",       3.56282,      -2.89544,      -2.07608,   171.333E-06
C:/temp/dataset/7/12_4.odb,Step-1,Increment      1: Step Time =    1.000,"PART-1-1",            77,       -13.125,           30.,            0.,NA,NA,"",       3.77904,      -2.87694,      -2.45037,   14.0841E-06
C:/temp/dataset/7/12_4.odb,Step-1,Increment      1: Step Time =    1.000,"PART-1-1",            78,          -15.,          27.5,            0.,NA,NA,"",       3.70747,      -2.61812,      -2.62503,   18.5477E-06
C:/temp/dataset/7/12_4.odb,Step-1,Increment      1: Step Time =    1.000,"PART-1-1",            79,      -7.07467,       28.0475,            0.,NA,NA,"",       3.27585,      -2.71233,      -1.83697,   125.096E-06
C:/temp/dataset/7/12_4.odb,Step-1,Increment      1: Step Time =    1.000,"PART-1-1",            80,      -10.7971,       27.6072,            0.,NA,NA,"",       3.44795,      -2.64984,      -2.20605,   94.0691E-06
C:/temp/dataset/7/12_4.odb,Step-1,Increment      1: Step Time =    1.000,"PART-1-1",            81,      -3.50976,       28.2242,            0.,NA,NA,"",       3.12253,      -2.74647,      -1.48564,   2.75708E-03
C:/temp/dataset/7/12_4.odb,Step-1,Increment      1: Step Time =    1.000,"PART-1-1",            82,       11.3028,       27.6605,            0.,NA,NA,"",       2.73227,      -2.73205,  -34.9180E-03,   2.78869E-03
C:/temp/dataset/7/12_4.odb,Step-1,Increment      1: Step Time =    1.000,"PART-1-1",            83,       7.46624,       27.7175,            0.,NA,NA,"",       2.75499,      -2.72809,  -384.042E-03,   3.18370E-03
C:/temp/dataset/7/12_4.odb,Step-1,Increment      1: Step Time =    1.000,"PART-1-1",            84,   523.838E-03,       28.1559,            0.,NA,NA,"",       2.95465,      -2.75299,      -1.07283,   4.34264E-03
C:/temp/dataset/7/12_4.odb,Step-1,Increment      1: Step Time =    1.000,"PART-1-1",            85,       13.1724,       27.5829,            0.,NA,NA,"",       2.73494,      -2.73165,   134.046E-03,   1.77283E-03
C:/temp/dataset/7/12_4.odb,Step-1,Increment      1: Step Time =    1.000,"PART-1-1",            86,       9.41586,       27.7284,            0.,NA,NA,"",       2.74092,      -2.73321,  -205.390E-03,   3.21478E-03
C:/temp/dataset/7/12_4.odb,Step-1,Increment      1: Step Time =    1.000,"PART-1-1",            87,       5.17501,       27.3177,            0.,NA,NA,"",       2.75124,      -2.68529,  -598.800E-03,   2.70115E-03
C:/temp/dataset/7/12_4.odb,Step-1,Increment      1: Step Time =    1.000,"PART-1-1",            88,       1.85763,       28.7412,            0.,NA,NA,"",       2.96796,      -2.81571,  -938.409E-03,   2.69732E-03
C:/temp/dataset/7/12_4.odb,Step-1,Increment      1: Step Time =    1.000,"PART-1-1",            89,      -1.45910,       27.7280,            0.,NA,NA,"",       2.98965,      -2.70388,      -1.27555,   4.44210E-03
C:/temp/dataset/7/12_4.odb,Step-1,Increment      1: Step Time =    1.000,"PART-1-1",            90,      -5.31380,       28.2250,            0.,NA,NA,"",       3.20419,      -2.73879,      -1.66309,   581.474E-06
C:/temp/dataset/7/12_4.odb,Step-1,Increment      1: Step Time =    1.000,"PART-1-1",            91,      -8.92632,       27.8484,            0.,NA,NA,"",       3.35895,      -2.68327,      -2.02054,   140.621E-06
C:/temp/dataset/7/12_4.odb,Step-1,Increment      1: Step Time =    1.000,"PART-1-1",            92,       7.03655,   996.185E-03,            0.,NA,NA,"",   758.637E-03,  -731.439E-03,  -201.312E-03,   7.39996E-03
C:/temp/dataset/7/12_4.odb,Step-1,Increment      1: Step Time =    1.000,"PART-1-1",            93,       6.93081,       13.7923,            0.,NA,NA,"",       1.55044,      -1.51696,  -320.425E-03,   7.86372E-03
C:/temp/dataset/7/12_4.odb,Step-1,Increment      1: Step Time =    1.000,"PART-1-1",            94,       7.08682,       7.47611,            0.,NA,NA,"",       1.12027,      -1.09159,  -251.856E-03,   7.45033E-03
C:/temp/dataset/7/12_4.odb,Step-1,Increment      1: Step Time =    1.000,"PART-1-1",            95,       6.96700,      -1.15199,            0.,NA,NA,"",   656.388E-03,  -628.933E-03,  -187.852E-03,   7.47764E-03
C:/temp/dataset/7/12_4.odb,Step-1,Increment      1: Step Time =    1.000,"PART-1-1",            96,       6.47578,      -21.8661,            0.,NA,NA,"",   70.0697E-03,  -46.8607E-03,  -52.0945E-03,   7.50331E-03
C:/temp/dataset/7/12_4.odb,Step-1,Increment      1: Step Time =    1.000,"PART-1-1",            97,       7.14087,      -13.1040,            0.,NA,NA,"",   226.541E-03,  -204.526E-03,  -97.4154E-03,   6.73656E-03
C:/temp/dataset/7/12_4.odb,Step-1,Increment      1: Step Time =    1.000,"PART-1-1",            98,       6.53104,      -7.08024,            0.,NA,NA,"",   420.494E-03,  -389.156E-03,  -159.287E-03,   8.13743E-03
C:/temp/dataset/7/12_4.odb,Step-1,Increment      1: Step Time =    1.000,"PART-1-1",            99,       6.85322,      -3.24169,            0.,NA,NA,"",   565.544E-03,  -537.230E-03,  -176.703E-03,   7.64010E-03
C:/temp/dataset/7/12_4.odb,Step-1,Increment      1: Step Time =    1.000,"PART-1-1",           100,       6.74184,      -8.96518,            0.,NA,NA,"",   352.670E-03,  -324.724E-03,  -137.587E-03,   7.64785E-03
C:/temp/dataset/7/12_4.odb,Step-1,Increment      1: Step Time =    1.000,"PART-1-1",           101,       6.94703,      -23.6171,            0.,NA,NA,"",   45.5633E-03,  -27.9569E-03,  -35.9782E-03,   6.61665E-03
C:/temp/dataset/7/12_4.odb,Step-1,Increment      1: Step Time =    1.000,"PART-1-1",           102,       7.44695,      -27.8442,            0.,NA,NA,"",   10.0610E-03,  -2.84549E-03,  -9.65024E-03,   5.79937E-03
C:/temp/dataset/7/12_4.odb,Step-1,Increment      1: Step Time =    1.000,"PART-1-1",           103,       7.35225,      -17.6578,            0.,NA,NA,"",   124.161E-03,  -105.627E-03,  -65.2600E-03,   6.17455E-03
C:/temp/dataset/7/12_4.odb,Step-1,Increment      1: Step Time =    1.000,"PART-1-1",           104,       7.23832,      -15.2967,            0.,NA,NA,"",   173.069E-03,  -152.704E-03,  -81.4520E-03,   6.47420E-03
C:/temp/dataset/7/12_4.odb,Step-1,Increment      1: Step Time =    1.000,"PART-1-1",           105,       7.10099,       17.6583,            0.,NA,NA,"",       1.84423,      -1.81179,  -344.405E-03,   7.93955E-03
C:/temp/dataset/7/12_4.odb,Step-1,Increment      1: Step Time =    1.000,"PART-1-1",           106,       6.86948,       15.7920,            0.,NA,NA,"",       1.70167,      -1.66626,  -345.332E-03,   8.48164E-03
C:/temp/dataset/7/12_4.odb,Step-1,Increment      1: Step Time =    1.000,"PART-1-1",           107,       7.06799,       9.62990,            0.,NA,NA,"",       1.25814,      -1.22840,  -271.936E-03,   7.52976E-03
C:/temp/dataset/7/12_4.odb,Step-1,Increment      1: Step Time =    1.000,"PART-1-1",           108,       7.09093,       5.31052,            0.,NA,NA,"",   990.529E-03,  -962.663E-03,  -233.296E-03,   7.39511E-03
C:/temp/dataset/7/12_4.odb,Step-1,Increment      1: Step Time =    1.000,"PART-1-1",           109,       6.65187,      -5.22056,            0.,NA,NA,"",   488.131E-03,  -457.771E-03,  -169.463E-03,   7.96386E-03
C:/temp/dataset/7/12_4.odb,Step-1,Increment      1: Step Time =    1.000,"PART-1-1",           110,       7.26954,      -25.7037,            0.,NA,NA,"",   24.6951E-03,  -12.1554E-03,  -21.4964E-03,   6.17794E-03
C:/temp/dataset/7/12_4.odb,Step-1,Increment      1: Step Time =    1.000,"PART-1-1",           111,       7.53271,      -20.3934,            0.,NA,NA,"",   78.0708E-03,  -62.1099E-03,  -47.3012E-03,   5.75603E-03
C:/temp/dataset/7/12_4.odb,Step-1,Increment      1: Step Time =    1.000,"PART-1-1",           112,       7.01178,       11.7341,            0.,NA,NA,"",       1.40172,      -1.37033,  -294.998E-03,   7.69861E-03
C:/temp/dataset/7/12_4.odb,Step-1,Increment      1: Step Time =    1.000,"PART-1-1",           113,       7.07643,       3.14767,            0.,NA,NA,"",   869.844E-03,  -842.497E-03,  -216.396E-03,   7.37420E-03
C:/temp/dataset/7/12_4.odb,Step-1,Increment      1: Step Time =    1.000,"PART-1-1",           114,       6.98190,      -10.9751,            0.,NA,NA,"",   287.038E-03,  -262.626E-03,  -115.838E-03,   7.11699E-03
C:/temp/dataset/7/12_4.odb,Step-1,Increment      1: Step Time =    1.000,"PART-1-1",           115,       13.1254,       22.8014,            0.,NA,NA,"",       2.28953,      -2.28504,   143.348E-03,   4.10721E-03
C:/temp/dataset/7/12_4.odb,Step-1,Increment      1: Step Time =    1.000,"PART-1-1",           116,       12.8923,      -4.74502,            0.,NA,NA,"",   482.448E-03,  -476.218E-03,   77.2826E-03,   4.19006E-03
C:/temp/dataset/7/12_4.odb,Step-1,Increment      1: Step Time =    1.000,"PART-1-1",           117,       13.0513,      -12.4505,            0.,NA,NA,"",   227.766E-03,  -220.313E-03,   57.7920E-03,   4.21041E-03
C:/temp/dataset/7/12_4.odb,Step-1,Increment      1: Step Time =    1.000,"PART-1-1",           118,       12.2427,       17.8341,            0.,NA,NA,"",       1.84471,      -1.84330,   72.1146E-03,   3.54913E-03
C:/temp/dataset/7/12_4.odb,Step-1,Increment      1: Step Time =    1.000,"PART-1-1",           119,       13.0441,       9.90429,            0.,NA,NA,"",       1.26232,      -1.25621,   124.030E-03,   4.87735E-03
C:/temp/dataset/7/12_4.odb,Step-1,Increment      1: Step Time =    1.000,"PART-1-1",           120,       13.0522,       2.62582,            0.,NA,NA,"",   826.706E-03,  -819.855E-03,   106.211E-03,   4.72281E-03
C:/temp/dataset/7/12_4.odb,Step-1,Increment      1: Step Time =    1.000,"PART-1-1",           121,       13.2006,      -19.7745,            0.,NA,NA,"",   77.7554E-03,  -69.4423E-03,   34.9808E-03,   4.14961E-03
C:/temp/dataset/7/12_4.odb,Step-1,Increment      1: Step Time =    1.000,"PART-1-1",           122,       9.90112,      -27.6522,            0.,NA,NA,"",   2.78398E-03,   155.268E-06,  -2.77965E-03,   1.55729E-03
C:/temp/dataset/7/12_4.odb,Step-1,Increment      1: Step Time =    1.000,"PART-1-1",           123,       13.0591,      -22.1191,            0.,NA,NA,"",   46.2742E-03,  -38.9513E-03,   24.9820E-03,   3.79504E-03
C:/temp/dataset/7/12_4.odb,Step-1,Increment      1: Step Time =    1.000,"PART-1-1",           124,       13.1139,      -14.9356,            0.,NA,NA,"",   167.176E-03,  -159.307E-03,   50.6879E-03,   4.21937E-03
C:/temp/dataset/7/12_4.odb,Step-1,Increment      1: Step Time =    1.000,"PART-1-1",           125,       13.1678,      -17.3995,            0.,NA,NA,"",   117.036E-03,  -108.846E-03,   43.0095E-03,   4.20389E-03
C:/temp/dataset/7/12_4.odb,Step-1,Increment      1: Step Time =    1.000,"PART-1-1",           126,       12.7891,      -7.32383,            0.,NA,NA,"",   384.448E-03,  -378.767E-03,   65.8474E-03,   3.90846E-03
C:/temp/dataset/7/12_4.odb,Step-1,Increment      1: Step Time =    1.000,"PART-1-1",           127,       12.9162,      -9.94117,            0.,NA,NA,"",   298.794E-03,  -292.256E-03,   62.1603E-03,   4.05583E-03
C:/temp/dataset/7/12_4.odb,Step-1,Increment      1: Step Time =    1.000,"PART-1-1",           128,       13.0283,   193.158E-03,            0.,NA,NA,"",   702.538E-03,  -695.675E-03,   97.9579E-03,   4.60775E-03
C:/temp/dataset/7/12_4.odb,Step-1,Increment      1: Step Time =    1.000,"PART-1-1",           129,       12.9794,      -2.25409,            0.,NA,NA,"",   588.181E-03,  -581.501E-03,   88.3926E-03,   4.43778E-03
C:/temp/dataset/7/12_4.odb,Step-1,Increment      1: Step Time =    1.000,"PART-1-1",           130,       13.0689,       7.48049,            0.,NA,NA,"",       1.10658,      -1.10005,   120.028E-03,   4.87581E-03
C:/temp/dataset/7/12_4.odb,Step-1,Increment      1: Step Time =    1.000,"PART-1-1",           131,       13.0764,       5.05734,            0.,NA,NA,"",   961.624E-03,  -954.812E-03,   114.256E-03,   4.83415E-03
C:/temp/dataset/7/12_4.odb,Step-1,Increment      1: Step Time =    1.000,"PART-1-1",           132,       12.6962,       14.9270,            0.,NA,NA,"",       1.61765,      -1.61411,   106.969E-03,   4.22392E-03
C:/temp/dataset/7/12_4.odb,Step-1,Increment      1: Step Time =    1.000,"PART-1-1",           133,       12.9459,       12.3607,            0.,NA,NA,"",       1.43067,      -1.42545,   122.014E-03,   4.71369E-03
C:/temp/dataset/7/12_4.odb,Step-1,Increment      1: Step Time =    1.000,"PART-1-1",           134,       12.9476,       20.4489,            0.,NA,NA,"",       2.07536,      -2.07128,   129.985E-03,   4.53385E-03
C:/temp/dataset/7/12_4.odb,Step-1,Increment      1: Step Time =    1.000,"PART-1-1",           135,       13.1802,       25.1793,            0.,NA,NA,"",       2.51079,      -2.50671,   143.044E-03,   3.16210E-03
C:/temp/dataset/7/12_4.odb,Step-1,Increment      1: Step Time =    1.000,"PART-1-1",           136,      -12.4062,       24.9250,            0.,NA,NA,"",       3.34292,      -2.37417,      -2.35339,   48.1722E-06
C:/temp/dataset/7/12_4.odb,Step-1,Increment      1: Step Time =    1.000,"PART-1-1",           137,       11.3078,       25.3904,            0.,NA,NA,"",       2.51867,      -2.51856,  -24.4834E-03,   3.75597E-03
C:/temp/dataset/7/12_4.odb,Step-1,Increment      1: Step Time =    1.000,"PART-1-1",           138,      -10.1009,       25.2443,            0.,NA,NA,"",       3.21875,      -2.41767,      -2.12490,   103.408E-06
C:/temp/dataset/7/12_4.odb,Step-1,Increment      1: Step Time =    1.000,"PART-1-1",           139,      -4.83291,       26.5053,            0.,NA,NA,"",       3.03039,      -2.56977,      -1.60610,   861.489E-06
C:/temp/dataset/7/12_4.odb,Step-1,Increment      1: Step Time =    1.000,"PART-1-1",           140,       1.72347,       26.1851,            0.,NA,NA,"",       2.73046,      -2.56479,  -936.623E-03,   3.83965E-03
C:/temp/dataset/7/12_4.odb,Step-1,Increment      1: Step Time =    1.000,"PART-1-1",           141,       6.12189,       25.7754,            0.,NA,NA,"",       2.58831,      -2.53997,  -497.853E-03,   2.75741E-03
C:/temp/dataset/7/12_4.odb,Step-1,Increment      1: Step Time =    1.000,"PART-1-1",           142,       7.62725,       25.7499,            0.,NA,NA,"",       2.56625,      -2.54129,  -357.053E-03,   3.16520E-03
C:/temp/dataset/7/12_4.odb,Step-1,Increment      1: Step Time =    1.000,"PART-1-1",           143,       3.76931,       25.0880,            0.,NA,NA,"",       2.57072,      -2.46712,  -722.469E-03,   3.61687E-03
C:/temp/dataset/7/12_4.odb,Step-1,Increment      1: Step Time =    1.000,"PART-1-1",           144,  -231.428E-03,       26.1188,            0.,NA,NA,"",       2.79232,      -2.55012,      -1.13753,   3.89859E-03
C:/temp/dataset/7/12_4.odb,Step-1,Increment      1: Step Time =    1.000,"PART-1-1",           145,      -2.48530,       25.9891,            0.,NA,NA,"",       2.87443,      -2.52840,      -1.36730,   2.36257E-03
C:/temp/dataset/7/12_4.odb,Step-1,Increment      1: Step Time =    1.000,"PART-1-1",           146,      -3.63425,       26.9302,            0.,NA,NA,"",       3.01133,      -2.61733,      -1.48920,   1.80174E-03
C:/temp/dataset/7/12_4.odb,Step-1,Increment      1: Step Time =    1.000,"PART-1-1",           147,      -8.31738,       25.8431,            0.,NA,NA,"",       3.15986,      -2.48649,      -1.94990,   132.114E-06
C:/temp/dataset/7/12_4.odb,Step-1,Increment      1: Step Time =    1.000,"PART-1-1",           148,       9.04714,   705.037E-03,            0.,NA,NA,"",   721.507E-03,  -714.723E-03,  -98.7075E-03,   3.35757E-03
C:/temp/dataset/7/12_4.odb,Step-1,Increment      1: Step Time =    1.000,"PART-1-1",           149,       7.85197,      -7.06885,            0.,NA,NA,"",   402.180E-03,  -386.368E-03,  -111.666E-03,   5.58242E-03
C:/temp/dataset/7/12_4.odb,Step-1,Increment      1: Step Time =    1.000,"PART-1-1",           150,       8.74205,      -22.9842,            0.,NA,NA,"",   36.6438E-03,  -29.6512E-03,  -21.5308E-03,   3.66911E-03
C:/temp/dataset/7/12_4.odb,Step-1,Increment      1: Step Time =    1.000,"PART-1-1",           151,       9.28078,      -15.1075,            0.,NA,NA,"",   157.429E-03,  -153.158E-03,  -36.4209E-03,   2.77575E-03
C:/temp/dataset/7/12_4.odb,Step-1,Increment      1: Step Time =    1.000,"PART-1-1",           152,       8.97855,      -1.55139,            0.,NA,NA,"",   614.960E-03,  -607.958E-03,  -92.5340E-03,   3.47504E-03
C:/temp/dataset/7/12_4.odb,Step-1,Increment      1: Step Time =    1.000,"PART-1-1",           153,       9.09422,       9.69450,            0.,NA,NA,"",       1.23987,      -1.23216,  -138.069E-03,   3.35938E-03
C:/temp/dataset/7/12_4.odb,Step-1,Increment      1: Step Time =    1.000,"PART-1-1",           154,       8.44946,       15.5970,            0.,NA,NA,"",       1.66673,      -1.65204,  -220.746E-03,   4.38337E-03
C:/temp/dataset/7/12_4.odb,Step-1,Increment      1: Step Time =    1.000,"PART-1-1",           155,       9.11701,       7.46178,            0.,NA,NA,"",       1.09696,      -1.08977,  -125.397E-03,   3.27958E-03
C:/temp/dataset/7/12_4.odb,Step-1,Increment      1: Step Time =    1.000,"PART-1-1",           156,       8.83101,       13.9442,            0.,NA,NA,"",       1.53908,      -1.52842,  -180.831E-03,   3.90846E-03
C:/temp/dataset/7/12_4.odb,Step-1,Increment      1: Step Time =    1.000,"PART-1-1",           157,       9.61385,      -19.9311,            0.,NA,NA,"",   67.7675E-03,  -65.1178E-03,  -18.7647E-03,   2.17142E-03
C:/temp/dataset/7/12_4.odb,Step-1,Increment      1: Step Time =    1.000,"PART-1-1",           158,       9.10031,       2.95854,            0.,NA,NA,"",   837.228E-03,  -830.537E-03,  -105.636E-03,   3.26954E-03
C:/temp/dataset/7/12_4.odb,Step-1,Increment      1: Step Time =    1.000,"PART-1-1",           159,       9.17986,      -12.8049,            0.,NA,NA,"",   213.372E-03,  -208.468E-03,  -45.4844E-03,   2.98153E-03
C:/temp/dataset/7/12_4.odb,Step-1,Increment      1: Step Time =    1.000,"PART-1-1",           160,       8.54844,      -8.43147,            0.,NA,NA,"",   347.837E-03,  -338.393E-03,  -80.5056E-03,   4.21816E-03
C:/temp/dataset/7/12_4.odb,Step-1,Increment      1: Step Time =    1.000,"PART-1-1",           161,       8.46228,      -5.79934,            0.,NA,NA,"",   442.395E-03,  -431.968E-03,  -95.4849E-03,   4.42434E-03
C:/temp/dataset/7/12_4.odb,Step-1,Increment      1: Step Time =    1.000,"PART-1-1",           162,       8.97830,      -10.5487,            0.,NA,NA,"",   277.549E-03,  -271.319E-03,  -58.4768E-03,   3.37912E-03
C:/temp/dataset/7/12_4.odb,Step-1,Increment      1: Step Time =    1.000,"PART-1-1",           163,       8.84007,      -3.76868,            0.,NA,NA,"",   519.705E-03,  -511.963E-03,  -89.3675E-03,   3.72277E-03
C:/temp/dataset/7/12_4.odb,Step-1,Increment      1: Step Time =    1.000,"PART-1-1",           164,       9.12644,       5.21383,            0.,NA,NA,"",   962.517E-03,  -955.713E-03,  -114.243E-03,   3.23600E-03
C:/temp/dataset/7/12_4.odb,Step-1,Increment      1: Step Time =    1.000,"PART-1-1",           165,       9.36869,      -17.5094,            0.,NA,NA,"",   108.495E-03,  -104.724E-03,  -28.3552E-03,   2.60298E-03
C:/temp/dataset/7/12_4.odb,Step-1,Increment      1: Step Time =    1.000,"PART-1-1",           166,       9.01212,       11.8707,            0.,NA,NA,"",       1.38850,      -1.37977,  -155.474E-03,   3.55260E-03
C:/temp/dataset/7/12_4.odb,Step-1,Increment      1: Step Time =    1.000,"PART-1-1",           167,       9.60003,       16.9835,            0.,NA,NA,"",       1.76826,      -1.76285,  -138.143E-03,   1.63908E-03
C:/temp/dataset/7/12_4.odb,Step-1,Increment      1: Step Time =    1.000,"PART-1-1",           168,       7.13047,       19.6676,            0.,NA,NA,"",       2.00837,      -1.97593,  -359.519E-03,   4.69737E-03
C:/temp/dataset/7/12_4.odb,Step-1,Increment      1: Step Time =    1.000,"PART-1-1",           169,       9.55406,      -25.2995,            0.,NA,NA,"",   13.3657E-03,  -10.3293E-03,  -8.48228E-03,   2.27598E-03
C:/temp/dataset/7/12_4.odb,Step-1,Increment      1: Step Time =    1.000,"PART-1-1",           170,       12.3800,      -27.4389,            0.,NA,NA,"",   5.42287E-03,  -1.44542E-03,   5.22668E-03,   2.72746E-03
C:/temp/dataset/7/12_4.odb,Step-1,Increment      1: Step Time =    1.000,"PART-1-1",           171,      -11.9351,       22.4166,            0.,NA,NA,"",       3.12765,      -2.12607,      -2.29391,   65.7283E-06
C:/temp/dataset/7/12_4.odb,Step-1,Increment      1: Step Time =    1.000,"PART-1-1",           172,       10.9842,      -1.93535,            0.,NA,NA,"",   591.457E-03,  -591.457E-03,  -441.312E-06,   550.772E-06
C:/temp/dataset/7/12_4.odb,Step-1,Increment      1: Step Time =    1.000,"PART-1-1",           173,       11.2234,      -14.9909,            0.,NA,NA,"",   155.613E-03,  -155.428E-03,   7.57412E-03,   829.558E-06
C:/temp/dataset/7/12_4.odb,Step-1,Increment      1: Step Time =    1.000,"PART-1-1",           174,       11.0574,       21.1283,            0.,NA,NA,"",       2.12234,      -2.12211,  -31.5368E-03,   3.53856E-03
C:/temp/dataset/7/12_4.odb,Step-1,Increment      1: Step Time =    1.000,"PART-1-1",           175,       10.7466,       19.4847,            0.,NA,NA,"",       1.97626,      -1.97554,  -53.2691E-03,   2.55179E-03
C:/temp/dataset/7/12_4.odb,Step-1,Increment      1: Step Time =    1.000,"PART-1-1",           176,       11.0568,   433.028E-03,            0.,NA,NA,"",   702.662E-03,  -702.660E-03,   1.62374E-03,   701.281E-06
C:/temp/dataset/7/12_4.odb,Step-1,Increment      1: Step Time =    1.000,"PART-1-1",           177,       10.9662,       12.1205,            0.,NA,NA,"",       1.40109,      -1.40096,  -18.4595E-03,   550.116E-06
C:/temp/dataset/7/12_4.odb,Step-1,Increment      1: Step Time =    1.000,"PART-1-1",           178,       11.6216,      -21.4567,            0.,NA,NA,"",   45.8577E-03,  -44.8821E-03,   9.40894E-03,   1.36192E-03
C:/temp/dataset/7/12_4.odb,Step-1,Increment      1: Step Time =    1.000,"PART-1-1",           179,       11.2975,      -17.3958,            0.,NA,NA,"",   106.724E-03,  -106.434E-03,   7.85146E-03,   912.424E-06
C:/temp/dataset/7/12_4.odb,Step-1,Increment      1: Step Time =    1.000,"PART-1-1",           180,       10.6273,       14.4803,            0.,NA,NA,"",       1.57276,      -1.57200,  -48.9566E-03,   227.415E-06
C:/temp/dataset/7/12_4.odb,Step-1,Increment      1: Step Time =    1.000,"PART-1-1",           181,       11.1012,       2.78293,            0.,NA,NA,"",   822.999E-03,  -822.995E-03,   2.36212E-03,   805.066E-06
C:/temp/dataset/7/12_4.odb,Step-1,Increment      1: Step Time =    1.000,"PART-1-1",           182,       11.1153,       7.46695,            0.,NA,NA,"",       1.09290,      -1.09290,  -1.19266E-03,   854.283E-06
C:/temp/dataset/7/12_4.odb,Step-1,Increment      1: Step Time =    1.000,"PART-1-1",           183,       11.1247,      -12.5851,            0.,NA,NA,"",   214.006E-03,  -213.923E-03,   5.93964E-03,   695.266E-06
C:/temp/dataset/7/12_4.odb,Step-1,Increment      1: Step Time =    1.000,"PART-1-1",           184,       10.4094,      -7.19663,            0.,NA,NA,"",   380.437E-03,  -379.960E-03,  -19.0540E-03,   712.268E-06
C:/temp/dataset/7/12_4.odb,Step-1,Increment      1: Step Time =    1.000,"PART-1-1",           185,       10.4303,      -22.2648,            0.,NA,NA,"",   35.7114E-03,  -35.3783E-03,  -4.86605E-03,   829.342E-06
C:/temp/dataset/7/12_4.odb,Step-1,Increment      1: Step Time =    1.000,"PART-1-1",           186,       10.9130,      -10.1038,            0.,NA,NA,"",   284.301E-03,  -284.301E-03,  -150.164E-06,   390.245E-06
C:/temp/dataset/7/12_4.odb,Step-1,Increment      1: Step Time =    1.000,"PART-1-1",           187,       10.8491,      -4.38491,            0.,NA,NA,"",   486.971E-03,  -486.947E-03,  -4.80395E-03,   318.962E-06
C:/temp/dataset/7/12_4.odb,Step-1,Increment      1: Step Time =    1.000,"PART-1-1",           188,       11.1275,       5.13070,            0.,NA,NA,"",   953.271E-03,  -953.269E-03,   1.93996E-03,   871.656E-06
C:/temp/dataset/7/12_4.odb,Step-1,Increment      1: Step Time =    1.000,"PART-1-1",           189,       11.0819,       9.79848,            0.,NA,NA,"",       1.24232,      -1.24230,  -6.44242E-03,   784.209E-06
C:/temp/dataset/7/12_4.odb,Step-1,Increment      1: Step Time =    1.000,"PART-1-1",           190,       12.1026,      -24.5603,            0.,NA,NA,"",   18.1297E-03,  -15.3813E-03,   9.59703E-03,   2.11751E-03
C:/temp/dataset/7/12_4.odb,Step-1,Increment      1: Step Time =    1.000,"PART-1-1",           191,      -7.61069,       24.2264,            0.,NA,NA,"",       2.98738,      -2.32865,      -1.87132,   122.816E-06
C:/temp/dataset/7/12_4.odb,Step-1,Increment      1: Step Time =    1.000,"PART-1-1",           192,      -5.77678,       24.2650,            0.,NA,NA,"",       2.88682,      -2.34171,      -1.68823,   263.632E-06
C:/temp/dataset/7/12_4.odb,Step-1,Increment      1: Step Time =    1.000,"PART-1-1",           193,       1.00958,       23.8763,            0.,NA,NA,"",       2.54102,      -2.33746,  -996.525E-03,   3.68365E-03
C:/temp/dataset/7/12_4.odb,Step-1,Increment      1: Step Time =    1.000,"PART-1-1",           194,      -3.86757,       24.8145,            0.,NA,NA,"",       2.83491,      -2.40578,      -1.49964,   1.11175E-03
C:/temp/dataset/7/12_4.odb,Step-1,Increment      1: Step Time =    1.000,"PART-1-1",           195,  -996.969E-03,       24.6602,            0.,NA,NA,"",       2.68991,      -2.40383,      -1.20715,   2.91342E-03
C:/temp/dataset/7/12_4.odb,Step-1,Increment      1: Step Time =    1.000,"PART-1-1",           196,       7.19995,       21.7613,            0.,NA,NA,"",       2.19471,      -2.16361,  -368.147E-03,   4.92056E-03
C:/temp/dataset/7/12_4.odb,Step-1,Increment      1: Step Time =    1.000,"PART-1-1",           197,       2.92747,       22.7842,            0.,NA,NA,"",       2.37898,      -2.24237,  -794.537E-03,   5.80490E-03
C:/temp/dataset/7/12_4.odb,Step-1,Increment      1: Step Time =    1.000,"PART-1-1",           198,       5.53232,       24.2100,            0.,NA,NA,"",       2.45034,      -2.38939,  -543.110E-03,   3.31589E-03
C:/temp/dataset/7/12_4.odb,Step-1,Increment      1: Step Time =    1.000,"PART-1-1",           199,       9.18626,       19.3402,            0.,NA,NA,"",       1.96446,      -1.95592,  -182.944E-03,   2.46036E-03
C:/temp/dataset/7/12_4.odb,Step-1,Increment      1: Step Time =    1.000,"PART-1-1",           200,       11.2321,       23.1770,            0.,NA,NA,"",       2.31078,      -2.31066,  -22.8042E-03,   4.09178E-03
C:/temp/dataset/7/12_4.odb,Step-1,Increment      1: Step Time =    1.000,"PART-1-1",           201,       5.11021,       22.1378,            0.,NA,NA,"",       2.26414,      -2.19184,  -567.593E-03,   6.21694E-03
C:/temp/dataset/7/12_4.odb,Step-1,Increment      1: Step Time =    1.000,"PART-1-1",           202,   167.280E-03,       22.2372,            0.,NA,NA,"",       2.42309,      -2.17154,      -1.07506,   3.03459E-03
C:/temp/dataset/7/12_4.odb,Step-1,Increment      1: Step Time =    1.000,"PART-1-1",           203,      -2.32264,       22.6339,            0.,NA,NA,"",       2.56839,      -2.19635,      -1.33142,   1.28163E-03
C:/temp/dataset/7/12_4.odb,Step-1,Increment      1: Step Time =    1.000,"PART-1-1",           204,       9.17324,       21.4477,            0.,NA,NA,"",       2.15108,      -2.14235,  -193.624E-03,   3.64878E-03
C:/temp/dataset/7/12_4.odb,Step-1,Increment      1: Step Time =    1.000,"PART-1-1",           205,       9.43619,       25.5889,            0.,NA,NA,"",       2.53823,      -2.53095,  -192.066E-03,   3.79371E-03
C:/temp/dataset/7/12_4.odb,Step-1,Increment      1: Step Time =    1.000,"PART-1-1",           206,      -5.39738,       22.2321,            0.,NA,NA,"",       2.69620,      -2.14033,      -1.63967,   125.723E-06
C:/temp/dataset/7/12_4.odb,Step-1,Increment      1: Step Time =    1.000,"PART-1-1",           207,      -8.66915,       22.6604,            0.,NA,NA,"",       2.92790,      -2.16677,      -1.96918,   127.163E-06
C:/temp/dataset/7/12_4.odb,Step-1,Increment      1: Step Time =    1.000,"PART-1-1",           208,      -12.8188,       27.4435,            0.,NA,NA,"",       3.56035,      -2.62339,      -2.40705,   50.0945E-06
C:/temp/dataset/7/12_4.odb,Step-1,Increment      1: Step Time =    1.000,"PART-1-1",           209,       7.43992,       23.7550,            0.,NA,NA,"",       2.37885,      -2.35131,  -360.934E-03,   3.97145E-03
C:/temp/dataset/7/12_4.odb,Step-1,Increment      1: Step Time =    1.000,"PART-1-1",           210,      -6.48406,       26.1481,            0.,NA,NA,"",       3.08378,      -2.52618,      -1.76864,   196.408E-06
C:/temp/dataset/7/12_4.odb,Step-1,Increment      1: Step Time =    1.000,"PART-1-1",           211,       3.18484,       28.0088,            0.,NA,NA,"",       2.86126,      -2.74730,  -799.476E-03,   2.96202E-03
C:/temp/dataset/7/12_4.odb,Step-1,Increment      1: Step Time =    1.000,"PART-1-1",           212,       11.4304,      -19.6429,            0.,NA,NA,"",   69.6382E-03,  -69.1158E-03,   8.51343E-03,   1.07775E-03
C:/temp/dataset/7/12_4.odb,Step-1,Increment      1: Step Time =    1.000,"PART-1-1",           213,       9.33060,       23.4727,            0.,NA,NA,"",       2.33846,      -2.33071,  -190.219E-03,   4.10673E-03
C:/temp/dataset/7/12_4.odb,Step-1,Increment      1: Step Time =    1.000,"PART-1-1",           214,      -12.1707,       23.6708,            0.,NA,NA,"",       3.23457,      -2.25013,      -2.32366,   49.1442E-06
C:/temp/dataset/7/12_4.odb,Step-1,Increment      1: Step Time =    1.000,"PART-1-1",           215,      -13.7031,       24.9625,            0.,NA,NA,"",       3.43349,      -2.37140,      -2.48301,   40.4012E-06
C:/temp/dataset/7/12_4.odb,Step-1,Increment      1: Step Time =    1.000,"PART-1-1",           216,          -15.,         23.75,            0.,NA,NA,"",       3.43924,      -2.24386,      -2.60643,   30.4498E-06
C:/temp/dataset/7/12_4.odb,Step-1,Increment      1: Step Time =    1.000,"PART-1-1",           217,      -13.4675,       22.4583,            0.,NA,NA,"",       3.23934,      -2.12257,      -2.44705,   36.2272E-06
C:/temp/dataset/7/12_4.odb,Step-1,Increment      1: Step Time =    1.000,"PART-1-1",           218,      -9.86170,       27.7278,            0.,NA,NA,"",       3.40243,      -2.66656,      -2.11328,   115.716E-06
C:/temp/dataset/7/12_4.odb,Step-1,Increment      1: Step Time =    1.000,"PART-1-1",           219,      -10.4490,       26.4258,            0.,NA,NA,"",       3.33306,      -2.53378,      -2.16547,   81.4171E-06
C:/temp/dataset/7/12_4.odb,Step-1,Increment      1: Step Time =    1.000,"PART-1-1",           220,      -9.20914,       25.5437,            0.,NA,NA,"",       3.18805,      -2.45208,      -2.03739,   114.026E-06
C:/temp/dataset/7/12_4.odb,Step-1,Increment      1: Step Time =    1.000,"PART-1-1",           221,      -8.62185,       26.8458,            0.,NA,NA,"",       3.25927,      -2.58491,      -1.98522,   111.329E-06
C:/temp/dataset/7/12_4.odb,Step-1,Increment      1: Step Time =    1.000,"PART-1-1",           222,      -9.15066,       28.9242,            0.,NA,NA,"",       3.46058,      -2.78929,      -2.04827,   116.267E-06
C:/temp/dataset/7/12_4.odb,Step-1,Increment      1: Step Time =    1.000,"PART-1-1",           223,      -10.3125,           30.,            0.,NA,NA,"",       3.61448,      -2.89087,      -2.16964,   118.845E-06
C:/temp/dataset/7/12_4.odb,Step-1,Increment      1: Step Time =    1.000,"PART-1-1",           224,      -11.0235,       28.8036,            0.,NA,NA,"",       3.55745,      -2.76802,      -2.23462,   60.4714E-06
C:/temp/dataset/7/12_4.odb,Step-1,Increment      1: Step Time =    1.000,"PART-1-1",           225,      -11.2536,       25.0847,            0.,NA,NA,"",       3.27934,      -2.39590,      -2.23914,   75.9222E-06
C:/temp/dataset/7/12_4.odb,Step-1,Increment      1: Step Time =    1.000,"PART-1-1",           226,      -10.3021,       22.5385,            0.,NA,NA,"",       3.02500,      -2.14641,      -2.13157,   89.3976E-06
C:/temp/dataset/7/12_4.odb,Step-1,Increment      1: Step Time =    1.000,"PART-1-1",           227,      -9.38503,       23.9523,            0.,NA,NA,"",       3.07329,      -2.29229,      -2.04707,   87.4502E-06
C:/temp/dataset/7/12_4.odb,Step-1,Increment      1: Step Time =    1.000,"PART-1-1",           228,      -12.9719,       28.7217,            0.,NA,NA,"",       3.66905,      -2.75015,      -2.42870,   27.6198E-06
C:/temp/dataset/7/12_4.odb,Step-1,Increment      1: Step Time =    1.000,"PART-1-1",           229,      -14.0625,           30.,            0.,NA,NA,"",       3.83686,      -2.87227,      -2.54394,   6.06503E-06
C:/temp/dataset/7/12_4.odb,Step-1,Increment      1: Step Time =    1.000,"PART-1-1",           230,          -15.,         28.75,            0.,NA,NA,"",       3.80088,      -2.74285,      -2.63125,   6.37323E-06
C:/temp/dataset/7/12_4.odb,Step-1,Increment      1: Step Time =    1.000,"PART-1-1",           231,      -13.9094,       27.4717,            0.,NA,NA,"",       3.63302,      -2.62075,      -2.51605,   31.4315E-06
C:/temp/dataset/7/12_4.odb,Step-1,Increment      1: Step Time =    1.000,"PART-1-1",           232,      -7.40072,       25.9956,            0.,NA,NA,"",       3.12067,      -2.50635,      -1.85924,   133.212E-06
C:/temp/dataset/7/12_4.odb,Step-1,Increment      1: Step Time =    1.000,"PART-1-1",           233,      -7.96404,       25.0347,            0.,NA,NA,"",       3.07361,      -2.40760,      -1.91064,   113.519E-06
C:/temp/dataset/7/12_4.odb,Step-1,Increment      1: Step Time =    1.000,"PART-1-1",           234,      -6.69374,       24.2457,            0.,NA,NA,"",       2.93615,      -2.33522,      -1.77982,   145.865E-06
C:/temp/dataset/7/12_4.odb,Step-1,Increment      1: Step Time =    1.000,"PART-1-1",           235,      -6.13042,       25.2066,            0.,NA,NA,"",       2.98530,      -2.43400,      -1.72849,   219.369E-06
C:/temp/dataset/7/12_4.odb,Step-1,Increment      1: Step Time =    1.000,"PART-1-1",           236,      -5.46940,       29.1125,            0.,NA,NA,"",       3.28894,      -2.82573,      -1.68297,   350.843E-06
C:/temp/dataset/7/12_4.odb,Step-1,Increment      1: Step Time =    1.000,"PART-1-1",           237,      -4.41178,       28.2246,            0.,NA,NA,"",       3.16267,      -2.74291,      -1.57445,   1.45232E-03
C:/temp/dataset/7/12_4.odb,Step-1,Increment      1: Step Time =    1.000,"PART-1-1",           238,      -3.62988,       29.1121,            0.,NA,NA,"",       3.20856,      -2.83445,      -1.50358,   2.54615E-03
C:/temp/dataset/7/12_4.odb,Step-1,Increment      1: Step Time =    1.000,"PART-1-1",           239,       -4.6875,           30.,            0.,NA,NA,"",       3.33159,      -2.91650,      -1.61045,   551.309E-06
C:/temp/dataset/7/12_4.odb,Step-1,Increment      1: Step Time =    1.000,"PART-1-1",           240,  -467.629E-03,       27.9420,            0.,NA,NA,"",       2.97036,      -2.72829,      -1.17453,   4.45186E-03
C:/temp/dataset/7/12_4.odb,Step-1,Increment      1: Step Time =    1.000,"PART-1-1",           241,  -845.263E-03,       26.9234,            0.,NA,NA,"",       2.89035,      -2.62662,      -1.20624,   3.95764E-03
C:/temp/dataset/7/12_4.odb,Step-1,Increment      1: Step Time =    1.000,"PART-1-1",           242,   746.021E-03,       26.1520,            0.,NA,NA,"",       2.75965,      -2.55744,      -1.03690,   3.90091E-03
C:/temp/dataset/7/12_4.odb,Step-1,Increment      1: Step Time =    1.000,"PART-1-1",           243,       1.12365,       27.1705,            0.,NA,NA,"",       2.84169,      -2.65832,      -1.00428,   3.91714E-03
C:/temp/dataset/7/12_4.odb,Step-1,Increment      1: Step Time =    1.000,"PART-1-1",           244,       14.0901,       25.0896,            0.,NA,NA,"",       2.51294,      -2.50282,   225.360E-03,   2.65869E-03
C:/temp/dataset/7/12_4.odb,Step-1,Increment      1: Step Time =    1.000,"PART-1-1",           245,       13.1528,       23.9903,            0.,NA,NA,"",       2.39971,      -2.39541,   143.577E-03,   3.59967E-03
C:/temp/dataset/7/12_4.odb,Step-1,Increment      1: Step Time =    1.000,"PART-1-1",           246,       14.0627,       22.6507,            0.,NA,NA,"",       2.28764,      -2.27642,   226.241E-03,   4.53198E-03
C:/temp/dataset/7/12_4.odb,Step-1,Increment      1: Step Time =    1.000,"PART-1-1",           247,           15.,         23.75,            0.,NA,NA,"",       2.40348,      -2.38334,   310.499E-03,   4.16223E-03
C:/temp/dataset/7/12_4.odb,Step-1,Increment      1: Step Time =    1.000,"PART-1-1",           248,       11.2764,       28.8302,            0.,NA,NA,"",       2.84119,      -2.84087,  -42.8778E-03,   1.90461E-03
C:/temp/dataset/7/12_4.odb,Step-1,Increment      1: Step Time =    1.000,"PART-1-1",           249,       10.3125,           30.,            0.,NA,NA,"",       2.94881,      -2.94567,  -136.080E-03,   2.38720E-03
C:/temp/dataset/7/12_4.odb,Step-1,Increment      1: Step Time =    1.000,"PART-1-1",           250,       9.39543,       28.8642,            0.,NA,NA,"",       2.84753,      -2.83952,  -213.437E-03,   2.92300E-03
C:/temp/dataset/7/12_4.odb,Step-1,Increment      1: Step Time =    1.000,"PART-1-1",           251,       10.3594,       27.6945,            0.,NA,NA,"",       2.73508,      -2.73245,  -119.984E-03,   2.97092E-03
C:/temp/dataset/7/12_4.odb,Step-1,Increment      1: Step Time =    1.000,"PART-1-1",           252,        8.4375,           30.,            0.,NA,NA,"",       2.95934,      -2.94329,  -307.826E-03,   3.94611E-03
C:/temp/dataset/7/12_4.odb,Step-1,Increment      1: Step Time =    1.000,"PART-1-1",           253,       7.48312,       28.8587,            0.,NA,NA,"",       2.86275,      -2.83614,  -389.387E-03,   3.74869E-03
C:/temp/dataset/7/12_4.odb,Step-1,Increment      1: Step Time =    1.000,"PART-1-1",           254,       8.44105,       27.7230,            0.,NA,NA,"",       2.74634,      -2.73054,  -294.160E-03,   3.13484E-03
C:/temp/dataset/7/12_4.odb,Step-1,Increment      1: Step Time =    1.000,"PART-1-1",           255,       13.0365,       21.6252,            0.,NA,NA,"",       2.18139,      -2.17709,   136.932E-03,   4.28513E-03
C:/temp/dataset/7/12_4.odb,Step-1,Increment      1: Step Time =    1.000,"PART-1-1",           256,       13.9738,       20.2245,            0.,NA,NA,"",       2.06902,      -2.05758,   217.306E-03,   5.95660E-03
C:/temp/dataset/7/12_4.odb,Step-1,Increment      1: Step Time =    1.000,"PART-1-1",           257,           15.,         21.25,            0.,NA,NA,"",       2.17740,      -2.15545,   308.418E-03,   6.64955E-03
C:/temp/dataset/7/12_4.odb,Step-1,Increment      1: Step Time =    1.000,"PART-1-1",           258,       6.90015,       14.7921,            0.,NA,NA,"",       1.62522,      -1.59080,  -332.684E-03,   8.07070E-03
C:/temp/dataset/7/12_4.odb,Step-1,Increment      1: Step Time =    1.000,"PART-1-1",           259,       5.93474,       15.8126,            0.,NA,NA,"",       1.72048,      -1.66899,  -417.763E-03,   10.0731E-03
C:/temp/dataset/7/12_4.odb,Step-1,Increment      1: Step Time =    1.000,"PART-1-1",           260,            5.,       14.7917,            0.,NA,NA,"",       1.66349,      -1.59376,  -476.571E-03,   11.7333E-03
C:/temp/dataset/7/12_4.odb,Step-1,Increment      1: Step Time =    1.000,"PART-1-1",           261,       5.96541,       13.7711,            0.,NA,NA,"",       1.56632,      -1.51657,  -391.605E-03,   9.85805E-03
C:/temp/dataset/7/12_4.odb,Step-1,Increment      1: Step Time =    1.000,"PART-1-1",           262,       7.07741,       8.55300,            0.,NA,NA,"",       1.18813,      -1.15893,  -261.799E-03,   7.49017E-03
C:/temp/dataset/7/12_4.odb,Step-1,Increment      1: Step Time =    1.000,"PART-1-1",           263,       6.03400,       9.60662,            0.,NA,NA,"",       1.27484,      -1.22861,  -340.204E-03,   9.66664E-03
C:/temp/dataset/7/12_4.odb,Step-1,Increment      1: Step Time =    1.000,"PART-1-1",           264,            5.,       8.54167,            0.,NA,NA,"",       1.22827,      -1.16296,  -395.193E-03,   11.7834E-03
C:/temp/dataset/7/12_4.odb,Step-1,Increment      1: Step Time =    1.000,"PART-1-1",           265,       6.04341,       7.48805,            0.,NA,NA,"",       1.13929,      -1.09431,  -316.965E-03,   9.60438E-03
C:/temp/dataset/7/12_4.odb,Step-1,Increment      1: Step Time =    1.000,"PART-1-1",           266,            5.,         4.375,            0.,NA,NA,"",   977.717E-03,  -915.265E-03,  -343.833E-03,   11.6561E-03
C:/temp/dataset/7/12_4.odb,Step-1,Increment      1: Step Time =    1.000,"PART-1-1",           267,       6.03822,       3.24050,            0.,NA,NA,"",   892.872E-03,  -849.882E-03,  -273.716E-03,   9.49453E-03
C:/temp/dataset/7/12_4.odb,Step-1,Increment      1: Step Time =    1.000,"PART-1-1",           268,       7.08368,       4.22909,            0.,NA,NA,"",   929.116E-03,  -901.514E-03,  -224.788E-03,   7.38463E-03
C:/temp/dataset/7/12_4.odb,Step-1,Increment      1: Step Time =    1.000,"PART-1-1",           269,       6.04546,       5.36359,            0.,NA,NA,"",       1.01182,  -967.925E-03,  -294.775E-03,   9.54509E-03
C:/temp/dataset/7/12_4.odb,Step-1,Increment      1: Step Time =    1.000,"PART-1-1",           270,            5.,       2.29167,            0.,NA,NA,"",   864.298E-03,  -803.256E-03,  -319.045E-03,   11.5706E-03
C:/temp/dataset/7/12_4.odb,Step-1,Increment      1: Step Time =    1.000,"PART-1-1",           271,       6.01828,       1.12309,            0.,NA,NA,"",   782.643E-03,  -740.323E-03,  -253.873E-03,   9.46221E-03
C:/temp/dataset/7/12_4.odb,Step-1,Increment      1: Step Time =    1.000,"PART-1-1",           272,       7.05649,       2.07193,            0.,NA,NA,"",   813.192E-03,  -785.922E-03,  -208.825E-03,   7.38703E-03
C:/temp/dataset/7/12_4.odb,Step-1,Increment      1: Step Time =    1.000,"PART-1-1",           273,       7.00178,  -77.9012E-03,            0.,NA,NA,"",   706.478E-03,  -679.152E-03,  -194.584E-03,   7.43882E-03
C:/temp/dataset/7/12_4.odb,Step-1,Increment      1: Step Time =    1.000,"PART-1-1",           274,            5.,   208.333E-03,            0.,NA,NA,"",   758.685E-03,  -699.053E-03,  -294.836E-03,   11.4764E-03
C:/temp/dataset/7/12_4.odb,Step-1,Increment      1: Step Time =    1.000,"PART-1-1",           275,       5.98350,  -992.661E-03,            0.,NA,NA,"",   680.828E-03,  -638.935E-03,  -235.137E-03,   9.45245E-03
C:/temp/dataset/7/12_4.odb,Step-1,Increment      1: Step Time =    1.000,"PART-1-1",           276,       6.59145,      -6.15040,            0.,NA,NA,"",   453.580E-03,  -422.721E-03,  -164.444E-03,   8.05177E-03
C:/temp/dataset/7/12_4.odb,Step-1,Increment      1: Step Time =    1.000,"PART-1-1",           277,       5.82593,      -5.11028,            0.,NA,NA,"",   507.059E-03,  -464.668E-03,  -202.959E-03,   9.58373E-03
C:/temp/dataset/7/12_4.odb,Step-1,Increment      1: Step Time =    1.000,"PART-1-1",           278,            5.,      -6.04167,            0.,NA,NA,"",   487.770E-03,  -432.518E-03,  -225.493E-03,   11.1519E-03
C:/temp/dataset/7/12_4.odb,Step-1,Increment      1: Step Time =    1.000,"PART-1-1",           279,       5.76552,      -7.08179,            0.,NA,NA,"",   433.969E-03,  -391.676E-03,  -186.867E-03,   9.61772E-03
C:/temp/dataset/7/12_4.odb,Step-1,Increment      1: Step Time =    1.000,"PART-1-1",           280,       8.25955,      -15.2021,            0.,NA,NA,"",   163.548E-03,  -152.490E-03,  -59.1149E-03,   4.62218E-03
C:/temp/dataset/7/12_4.odb,Step-1,Increment      1: Step Time =    1.000,"PART-1-1",           281,       9.23032,      -13.9562,            0.,NA,NA,"",   184.298E-03,  -179.719E-03,  -40.8240E-03,   2.87860E-03
C:/temp/dataset/7/12_4.odb,Step-1,Increment      1: Step Time =    1.000,"PART-1-1",           282,       8.16037,      -12.9544,            0.,NA,NA,"",   218.162E-03,  -206.037E-03,  -71.7190E-03,   4.85700E-03
C:/temp/dataset/7/12_4.odb,Step-1,Increment      1: Step Time =    1.000,"PART-1-1",           283,       7.18960,      -14.2003,            0.,NA,NA,"",   198.814E-03,  -177.629E-03,  -89.3020E-03,   6.60567E-03
C:/temp/dataset/7/12_4.odb,Step-1,Increment      1: Step Time =    1.000,"PART-1-1",           284,            5.,      -22.7083,            0.,NA,NA,"",   75.5155E-03,  -43.6132E-03,  -61.6481E-03,   9.93091E-03
C:/temp/dataset/7/12_4.odb,Step-1,Increment      1: Step Time =    1.000,"PART-1-1",           285,       5.97351,      -23.6835,            0.,NA,NA,"",   53.8832E-03,  -30.5880E-03,  -44.3596E-03,   8.22849E-03
C:/temp/dataset/7/12_4.odb,Step-1,Increment      1: Step Time =    1.000,"PART-1-1",           286,       6.71140,      -22.7416,            0.,NA,NA,"",   57.1501E-03,  -36.8101E-03,  -43.7167E-03,   7.06586E-03
C:/temp/dataset/7/12_4.odb,Step-1,Increment      1: Step Time =    1.000,"PART-1-1",           287,       5.73789,      -21.7664,            0.,NA,NA,"",   79.6961E-03,  -50.6596E-03,  -61.5230E-03,   8.75668E-03
C:/temp/dataset/7/12_4.odb,Step-1,Increment      1: Step Time =    1.000,"PART-1-1",           288,       9.95056,      -28.8261,            0.,NA,NA,"",   2.10028E-03,   1.70970E-03,  -1.21989E-03,   1.65838E-03
C:/temp/dataset/7/12_4.odb,Step-1,Increment      1: Step Time =    1.000,"PART-1-1",           289,       8.67404,      -27.7482,            0.,NA,NA,"",   6.23885E-03,  -764.771E-06,  -6.19180E-03,   3.64584E-03
C:/temp/dataset/7/12_4.odb,Step-1,Increment      1: Step Time =    1.000,"PART-1-1",           290,       7.47347,      -28.9221,            0.,NA,NA,"",   4.24210E-03,   34.4893E-06,  -4.24196E-03,   4.94911E-03
C:/temp/dataset/7/12_4.odb,Step-1,Increment      1: Step Time =    1.000,"PART-1-1",           291,          8.75,          -30.,            0.,NA,NA,"",            0.,   1.55396E-39,  -5.40314E-39,   3.06456E-03
C:/temp/dataset/7/12_4.odb,Step-1,Increment      1: Step Time =    1.000,"PART-1-1",           292,       9.14805,      -24.1419,            0.,NA,NA,"",   23.7201E-03,  -18.9443E-03,  -14.2744E-03,   2.96852E-03
C:/temp/dataset/7/12_4.odb,Step-1,Increment      1: Step Time =    1.000,"PART-1-1",           293,       7.84454,      -23.3007,            0.,NA,NA,"",   40.7667E-03,  -28.4346E-03,  -29.2130E-03,   5.13230E-03
C:/temp/dataset/7/12_4.odb,Step-1,Increment      1: Step Time =    1.000,"PART-1-1",           294,       7.10828,      -24.6604,            0.,NA,NA,"",   34.4072E-03,  -19.2656E-03,  -28.5078E-03,   6.38266E-03
C:/temp/dataset/7/12_4.odb,Step-1,Increment      1: Step Time =    1.000,"PART-1-1",           295,       8.41180,      -25.5016,            0.,NA,NA,"",   18.7220E-03,  -10.7284E-03,  -15.3433E-03,   4.22284E-03
C:/temp/dataset/7/12_4.odb,Step-1,Increment      1: Step Time =    1.000,"PART-1-1",           296,       7.00425,      -21.1298,            0.,NA,NA,"",   73.8226E-03,  -53.9924E-03,  -50.3448E-03,   6.64432E-03
C:/temp/dataset/7/12_4.odb,Step-1,Increment      1: Step Time =    1.000,"PART-1-1",           297,       6.26636,      -19.9884,            0.,NA,NA,"",   98.7611E-03,  -71.5425E-03,  -68.0840E-03,   7.98552E-03
C:/temp/dataset/7/12_4.odb,Step-1,Increment      1: Step Time =    1.000,"PART-1-1",           298,            5.,       -20.625,            0.,NA,NA,"",   105.383E-03,  -67.8645E-03,  -80.6219E-03,   10.1408E-03
C:/temp/dataset/7/12_4.odb,Step-1,Increment      1: Step Time =    1.000,"PART-1-1",           299,       12.8526,      -8.63250,            0.,NA,NA,"",   340.146E-03,  -334.040E-03,   64.1615E-03,   3.98173E-03
C:/temp/dataset/7/12_4.odb,Step-1,Increment      1: Step Time =    1.000,"PART-1-1",           300,       13.9581,      -9.97058,            0.,NA,NA,"",   308.944E-03,  -294.206E-03,   94.2829E-03,   6.01522E-03
C:/temp/dataset/7/12_4.odb,Step-1,Increment      1: Step Time =    1.000,"PART-1-1",           301,           15.,         -8.75,            0.,NA,NA,"",   362.969E-03,  -337.120E-03,   134.522E-03,   8.05578E-03
C:/temp/dataset/7/12_4.odb,Step-1,Increment      1: Step Time =    1.000,"PART-1-1",           302,       13.8945,      -7.41192,            0.,NA,NA,"",   392.996E-03,  -378.816E-03,   104.614E-03,   6.02095E-03
C:/temp/dataset/7/12_4.odb,Step-1,Increment      1: Step Time =    1.000,"PART-1-1",           303,            5.,        10.625,            0.,NA,NA,"",       1.36549,      -1.29873,  -421.763E-03,   11.8004E-03
C:/temp/dataset/7/12_4.odb,Step-1,Increment      1: Step Time =    1.000,"PART-1-1",           304,       7.03988,       10.6820,            0.,NA,NA,"",       1.32891,      -1.29835,  -283.331E-03,   7.61376E-03
C:/temp/dataset/7/12_4.odb,Step-1,Increment      1: Step Time =    1.000,"PART-1-1",           305,       6.00589,       11.7004,            0.,NA,NA,"",       1.41734,      -1.36949,  -365.152E-03,   9.74525E-03
C:/temp/dataset/7/12_4.odb,Step-1,Increment      1: Step Time =    1.000,"PART-1-1",           306,       2.74639,       25.6366,            0.,NA,NA,"",       2.64910,      -2.51601,  -829.104E-03,   3.73172E-03
C:/temp/dataset/7/12_4.odb,Step-1,Increment      1: Step Time =    1.000,"PART-1-1",           307,       1.36653,       25.0307,            0.,NA,NA,"",       2.63501,      -2.45134,  -966.527E-03,   3.74541E-03
C:/temp/dataset/7/12_4.odb,Step-1,Increment      1: Step Time =    1.000,"PART-1-1",           308,       1.96853,       23.3303,            0.,NA,NA,"",       2.45819,      -2.28935,  -895.301E-03,   4.08608E-03
C:/temp/dataset/7/12_4.odb,Step-1,Increment      1: Step Time =    1.000,"PART-1-1",           309,       3.34839,       23.9361,            0.,NA,NA,"",       2.47424,      -2.35541,  -757.559E-03,   4.39102E-03
C:/temp/dataset/7/12_4.odb,Step-1,Increment      1: Step Time =    1.000,"PART-1-1",           310,       4.47216,       26.2029,            0.,NA,NA,"",       2.65964,      -2.57641,  -660.148E-03,   2.76004E-03
C:/temp/dataset/7/12_4.odb,Step-1,Increment      1: Step Time =    1.000,"PART-1-1",           311,       4.17993,       27.6633,            0.,NA,NA,"",       2.80456,      -2.71626,  -698.214E-03,   2.74922E-03
C:/temp/dataset/7/12_4.odb,Step-1,Increment      1: Step Time =    1.000,"PART-1-1",           312,       2.45416,       27.0970,            0.,NA,NA,"",       2.79423,      -2.65612,  -867.592E-03,   3.18519E-03
C:/temp/dataset/7/12_4.odb,Step-1,Increment      1: Step Time =    1.000,"PART-1-1",           313,      -1.66705,       28.8640,            0.,NA,NA,"",       3.10434,      -2.81623,      -1.30605,   4.15891E-03
C:/temp/dataset/7/12_4.odb,Step-1,Increment      1: Step Time =    1.000,"PART-1-1",           314,   261.919E-03,       29.0779,            0.,NA,NA,"",       3.05151,      -2.84383,      -1.10651,   3.64440E-03
C:/temp/dataset/7/12_4.odb,Step-1,Increment      1: Step Time =    1.000,"PART-1-1",           315,    -937.5E-03,           30.,            0.,NA,NA,"",       3.18561,      -2.93402,      -1.24083,   3.67198E-03
C:/temp/dataset/7/12_4.odb,Step-1,Increment      1: Step Time =    1.000,"PART-1-1",           316,          -15.,         21.25,            0.,NA,NA,"",       3.27198,      -1.99428,      -2.59398,   7.90597E-06
C:/temp/dataset/7/12_4.odb,Step-1,Increment      1: Step Time =    1.000,"PART-1-1",           317,      -13.3250,           20.,            0.,NA,NA,"",       3.06356,      -1.87786,      -2.42055,   15.0833E-06
C:/temp/dataset/7/12_4.odb,Step-1,Increment      1: Step Time =    1.000,"PART-1-1",           318,      -11.7925,       21.2083,            0.,NA,NA,"",       3.03215,      -2.00611,      -2.27365,   42.0928E-06
C:/temp/dataset/7/12_4.odb,Step-1,Increment      1: Step Time =    1.000,"PART-1-1",           319,       10.1137,       15.7319,            0.,NA,NA,"",       1.66861,      -1.66605,  -92.4610E-03,   969.464E-06
C:/temp/dataset/7/12_4.odb,Step-1,Increment      1: Step Time =    1.000,"PART-1-1",           320,       9.02474,       16.2903,            0.,NA,NA,"",       1.71621,      -1.70672,  -180.165E-03,   3.11605E-03
C:/temp/dataset/7/12_4.odb,Step-1,Increment      1: Step Time =    1.000,"PART-1-1",           321,       8.64023,       14.7706,            0.,NA,NA,"",       1.60225,      -1.58966,  -200.509E-03,   4.17376E-03
C:/temp/dataset/7/12_4.odb,Step-1,Increment      1: Step Time =    1.000,"PART-1-1",           322,       9.72917,       14.2122,            0.,NA,NA,"",       1.55399,      -1.54970,  -115.373E-03,   1.99695E-03
C:/temp/dataset/7/12_4.odb,Step-1,Increment      1: Step Time =    1.000,"PART-1-1",           323,       12.8210,       13.6438,            0.,NA,NA,"",       1.52247,      -1.51812,   114.905E-03,   4.47288E-03
C:/temp/dataset/7/12_4.odb,Step-1,Increment      1: Step Time =    1.000,"PART-1-1",           324,       13.9730,       12.4303,            0.,NA,NA,"",       1.44896,      -1.43574,   195.295E-03,   6.91683E-03
C:/temp/dataset/7/12_4.odb,Step-1,Increment      1: Step Time =    1.000,"PART-1-1",           325,           15.,         13.75,            0.,NA,NA,"",       1.56314,      -1.53864,   275.660E-03,   9.14899E-03
C:/temp/dataset/7/12_4.odb,Step-1,Increment      1: Step Time =    1.000,"PART-1-1",           326,       13.8481,       14.9635,            0.,NA,NA,"",       1.63473,      -1.62310,   194.626E-03,   6.69800E-03
C:/temp/dataset/7/12_4.odb,Step-1,Increment      1: Step Time =    1.000,"PART-1-1",           327,       10.1008,       2.87074,            0.,NA,NA,"",   827.914E-03,  -826.314E-03,  -51.4518E-03,   1.25468E-03
C:/temp/dataset/7/12_4.odb,Step-1,Increment      1: Step Time =    1.000,"PART-1-1",           328,       9.07373,       1.83179,            0.,NA,NA,"",   778.212E-03,  -771.477E-03,  -102.161E-03,   3.31362E-03
C:/temp/dataset/7/12_4.odb,Step-1,Increment      1: Step Time =    1.000,"PART-1-1",           329,       10.0520,   569.032E-03,            0.,NA,NA,"",   709.877E-03,  -708.234E-03,  -48.2719E-03,   1.35518E-03
C:/temp/dataset/7/12_4.odb,Step-1,Increment      1: Step Time =    1.000,"PART-1-1",           330,       11.0790,       1.60798,            0.,NA,NA,"",   761.574E-03,  -761.572E-03,   2.00423E-03,   752.776E-06
C:/temp/dataset/7/12_4.odb,Step-1,Increment      1: Step Time =    1.000,"PART-1-1",           331,       9.98138,      -1.74337,            0.,NA,NA,"",   601.015E-03,  -599.242E-03,  -46.1256E-03,   1.49834E-03
C:/temp/dataset/7/12_4.odb,Step-1,Increment      1: Step Time =    1.000,"PART-1-1",           332,       8.90931,      -2.66004,            0.,NA,NA,"",   566.229E-03,  -558.864E-03,  -91.0316E-03,   3.59707E-03
C:/temp/dataset/7/12_4.odb,Step-1,Increment      1: Step Time =    1.000,"PART-1-1",           333,       9.84458,      -4.07679,            0.,NA,NA,"",   501.125E-03,  -498.962E-03,  -46.5150E-03,   1.76644E-03
C:/temp/dataset/7/12_4.odb,Step-1,Increment      1: Step Time =    1.000,"PART-1-1",           334,       10.9167,      -3.16013,            0.,NA,NA,"",   537.875E-03,  -537.868E-03,  -2.71923E-03,   423.118E-06
C:/temp/dataset/7/12_4.odb,Step-1,Increment      1: Step Time =    1.000,"PART-1-1",           335,            5.,      -3.95833,            0.,NA,NA,"",   570.524E-03,  -513.764E-03,  -248.081E-03,   11.2663E-03
C:/temp/dataset/7/12_4.odb,Step-1,Increment      1: Step Time =    1.000,"PART-1-1",           336,       6.75254,      -4.23112,            0.,NA,NA,"",   525.969E-03,  -496.631E-03,  -173.210E-03,   7.80054E-03
C:/temp/dataset/7/12_4.odb,Step-1,Increment      1: Step Time =    1.000,"PART-1-1",           337,       5.92661,      -3.07918,            0.,NA,NA,"",   588.632E-03,  -546.819E-03,  -217.891E-03,   9.48126E-03
C:/temp/dataset/7/12_4.odb,Step-1,Increment      1: Step Time =    1.000,"PART-1-1",           338,       7.06139,      -12.0396,            0.,NA,NA,"",   255.825E-03,  -232.632E-03,  -106.439E-03,   6.92781E-03
C:/temp/dataset/7/12_4.odb,Step-1,Increment      1: Step Time =    1.000,"PART-1-1",           339,       5.99095,      -11.1126,            0.,NA,NA,"",   298.726E-03,  -261.840E-03,  -143.794E-03,   8.97592E-03
C:/temp/dataset/7/12_4.odb,Step-1,Increment      1: Step Time =    1.000,"PART-1-1",           340,            5.,      -12.2917,            0.,NA,NA,"",   283.297E-03,  -233.313E-03,  -160.694E-03,   10.7671E-03
C:/temp/dataset/7/12_4.odb,Step-1,Increment      1: Step Time =    1.000,"PART-1-1",           341,       6.07044,      -13.2187,            0.,NA,NA,"",   239.646E-03,  -204.999E-03,  -124.119E-03,   8.71622E-03
C:/temp/dataset/7/12_4.odb,Step-1,Increment      1: Step Time =    1.000,"PART-1-1",           342,       6.63644,      -8.02271,            0.,NA,NA,"",   385.795E-03,  -356.189E-03,  -148.214E-03,   7.89158E-03
C:/temp/dataset/7/12_4.odb,Step-1,Increment      1: Step Time =    1.000,"PART-1-1",           343,            5.,        -8.125,            0.,NA,NA,"",   412.412E-03,  -358.757E-03,  -203.414E-03,   11.0319E-03
C:/temp/dataset/7/12_4.odb,Step-1,Increment      1: Step Time =    1.000,"PART-1-1",           344,       5.87092,      -9.06592,            0.,NA,NA,"",   364.013E-03,  -324.342E-03,  -165.252E-03,   9.30392E-03
C:/temp/dataset/7/12_4.odb,Step-1,Increment      1: Step Time =    1.000,"PART-1-1",           345,       13.0826,      -13.6930,            0.,NA,NA,"",   196.191E-03,  -188.526E-03,   54.3060E-03,   4.21527E-03
C:/temp/dataset/7/12_4.odb,Step-1,Increment      1: Step Time =    1.000,"PART-1-1",           346,       14.0569,      -14.9678,            0.,NA,NA,"",   176.293E-03,  -160.974E-03,   71.8795E-03,   5.92998E-03
C:/temp/dataset/7/12_4.odb,Step-1,Increment      1: Step Time =    1.000,"PART-1-1",           347,           15.,        -13.75,            0.,NA,NA,"",   217.749E-03,  -192.840E-03,   101.129E-03,   7.72869E-03
C:/temp/dataset/7/12_4.odb,Step-1,Increment      1: Step Time =    1.000,"PART-1-1",           348,       14.0257,      -12.4752,            0.,NA,NA,"",   237.488E-03,  -222.239E-03,   83.7279E-03,   6.01167E-03
C:/temp/dataset/7/12_4.odb,Step-1,Increment      1: Step Time =    1.000,"PART-1-1",           349,       8.13738,      -21.6888,            0.,NA,NA,"",   55.5075E-03,  -44.4712E-03,  -33.2174E-03,   4.70443E-03
C:/temp/dataset/7/12_4.odb,Step-1,Increment      1: Step Time =    1.000,"PART-1-1",           350,            5.,      -28.9583,            0.,NA,NA,"",   10.6078E-03,  -6.54866E-03,  -8.34515E-03,   9.25091E-03
C:/temp/dataset/7/12_4.odb,Step-1,Increment      1: Step Time =    1.000,"PART-1-1",           351,          6.25,          -30.,            0.,NA,NA,"",            0.,   425.461E-42,  -11.1528E-39,   6.80232E-03
C:/temp/dataset/7/12_4.odb,Step-1,Increment      1: Step Time =    1.000,"PART-1-1",           352,       6.22347,      -27.8804,            0.,NA,NA,"",   14.1921E-03,  -5.60672E-03,  -13.0377E-03,   7.61655E-03
C:/temp/dataset/7/12_4.odb,Step-1,Increment      1: Step Time =    1.000,"PART-1-1",           353,           15.,        -28.75,            0.,NA,NA,"",   7.33237E-03,  -3.73135E-03,   6.31195E-03,   6.08041E-03
C:/temp/dataset/7/12_4.odb,Step-1,Increment      1: Step Time =    1.000,"PART-1-1",           354,       13.6900,      -27.4695,            0.,NA,NA,"",   9.98730E-03,  -3.20774E-03,   9.45815E-03,   4.71949E-03
C:/temp/dataset/7/12_4.odb,Step-1,Increment      1: Step Time =    1.000,"PART-1-1",           355,       12.4400,      -28.7195,            0.,NA,NA,"",   2.61014E-03,   1.06399E-03,   2.38343E-03,   2.49702E-03
C:/temp/dataset/7/12_4.odb,Step-1,Increment      1: Step Time =    1.000,"PART-1-1",           356,         13.75,          -30.,            0.,NA,NA,"",            0.,   1.13726E-39,   6.42740E-39,   3.79701E-03
C:/temp/dataset/7/12_4.odb,Step-1,Increment      1: Step Time =    1.000,"PART-1-1",           357,       9.58617,      -22.6245,            0.,NA,NA,"",   34.9195E-03,  -32.1398E-03,  -13.6528E-03,   2.23257E-03
C:/temp/dataset/7/12_4.odb,Step-1,Increment      1: Step Time =    1.000,"PART-1-1",           358,       10.0221,      -21.0980,            0.,NA,NA,"",   50.3982E-03,  -49.1667E-03,  -11.0730E-03,   1.48592E-03
C:/temp/dataset/7/12_4.odb,Step-1,Increment      1: Step Time =    1.000,"PART-1-1",           359,       8.57328,      -20.1623,            0.,NA,NA,"",   71.4528E-03,  -63.1459E-03,  -33.4378E-03,   3.95694E-03
C:/temp/dataset/7/12_4.odb,Step-1,Increment      1: Step Time =    1.000,"PART-1-1",           360,       11.1406,      -27.5456,            0.,NA,NA,"",   959.908E-06,  -54.0961E-06,   958.383E-06,   672.726E-06
C:/temp/dataset/7/12_4.odb,Step-1,Increment      1: Step Time =    1.000,"PART-1-1",           361,         11.25,          -30.,            0.,NA,NA,"",            0.,   1.94482E-39,   890.884E-42,   1.71275E-03
C:/temp/dataset/7/12_4.odb,Step-1,Increment      1: Step Time =    1.000,"PART-1-1",           362,       11.2605,      -16.1933,            0.,NA,NA,"",   129.990E-03,  -129.756E-03,   7.79552E-03,   870.747E-06
C:/temp/dataset/7/12_4.odb,Step-1,Increment      1: Step Time =    1.000,"PART-1-1",           363,       10.2521,      -15.0492,            0.,NA,NA,"",   154.586E-03,  -153.904E-03,  -14.5041E-03,   1.03686E-03
C:/temp/dataset/7/12_4.odb,Step-1,Increment      1: Step Time =    1.000,"PART-1-1",           364,       9.32474,      -16.3084,            0.,NA,NA,"",   131.783E-03,  -127.770E-03,  -32.2733E-03,   2.68864E-03
C:/temp/dataset/7/12_4.odb,Step-1,Increment      1: Step Time =    1.000,"PART-1-1",           365,       10.3331,      -17.4526,            0.,NA,NA,"",   105.708E-03,  -105.202E-03,  -10.3257E-03,   917.640E-06
C:/temp/dataset/7/12_4.odb,Step-1,Increment      1: Step Time =    1.000,"PART-1-1",           366,       7.44248,      -19.0256,            0.,NA,NA,"",   99.6535E-03,  -82.4041E-03,  -56.0391E-03,   5.96931E-03
C:/temp/dataset/7/12_4.odb,Step-1,Increment      1: Step Time =    1.000,"PART-1-1",           367,       6.17612,      -17.5789,            0.,NA,NA,"",   141.068E-03,  -110.674E-03,  -87.4723E-03,   8.28310E-03
C:/temp/dataset/7/12_4.odb,Step-1,Increment      1: Step Time =    1.000,"PART-1-1",           368,            5.,      -18.5417,            0.,NA,NA,"",   140.564E-03,  -98.8111E-03,  -99.9724E-03,   10.3089E-03
C:/temp/dataset/7/12_4.odb,Step-1,Increment      1: Step Time =    1.000,"PART-1-1",           369,       12.8407,      -6.03443,            0.,NA,NA,"",   431.986E-03,  -426.030E-03,   71.4834E-03,   4.04776E-03
C:/temp/dataset/7/12_4.odb,Step-1,Increment      1: Step Time =    1.000,"PART-1-1",           370,           15.,         -6.25,            0.,NA,NA,"",   451.466E-03,  -425.380E-03,   151.239E-03,   8.20588E-03
C:/temp/dataset/7/12_4.odb,Step-1,Increment      1: Step Time =    1.000,"PART-1-1",           371,       13.9462,      -4.87251,            0.,NA,NA,"",   489.072E-03,  -474.440E-03,   118.735E-03,   6.23170E-03
C:/temp/dataset/7/12_4.odb,Step-1,Increment      1: Step Time =    1.000,"PART-1-1",           372,       7.64514,      -8.69832,            0.,NA,NA,"",   348.761E-03,  -331.138E-03,  -109.461E-03,   5.94216E-03
C:/temp/dataset/7/12_4.odb,Step-1,Increment      1: Step Time =    1.000,"PART-1-1",           373,       8.20020,      -7.75016,            0.,NA,NA,"",   374.384E-03,  -361.960E-03,  -95.6484E-03,   4.90397E-03
C:/temp/dataset/7/12_4.odb,Step-1,Increment      1: Step Time =    1.000,"PART-1-1",           374,       7.19150,      -7.07454,            0.,NA,NA,"",   410.584E-03,  -387.583E-03,  -135.494E-03,   6.83818E-03
C:/temp/dataset/7/12_4.odb,Step-1,Increment      1: Step Time =    1.000,"PART-1-1",           375,       7.97278,      -1.35169,            0.,NA,NA,"",   633.591E-03,  -617.967E-03,  -139.836E-03,   5.47519E-03
C:/temp/dataset/7/12_4.odb,Step-1,Increment      1: Step Time =    1.000,"PART-1-1",           376,       9.01285,  -423.179E-03,            0.,NA,NA,"",   667.086E-03,  -660.196E-03,  -95.6307E-03,   3.41646E-03
C:/temp/dataset/7/12_4.odb,Step-1,Increment      1: Step Time =    1.000,"PART-1-1",           377,       8.04185,   850.611E-03,            0.,NA,NA,"",   737.964E-03,  -722.612E-03,  -149.741E-03,   5.37781E-03
C:/temp/dataset/7/12_4.odb,Step-1,Increment      1: Step Time =    1.000,"PART-1-1",           378,       8.08837,       3.05311,            0.,NA,NA,"",   851.375E-03,  -836.046E-03,  -160.834E-03,   5.32108E-03
C:/temp/dataset/7/12_4.odb,Step-1,Increment      1: Step Time =    1.000,"PART-1-1",           379,       9.11337,       4.08618,            0.,NA,NA,"",   898.706E-03,  -891.961E-03,  -109.896E-03,   3.25279E-03
C:/temp/dataset/7/12_4.odb,Step-1,Increment      1: Step Time =    1.000,"PART-1-1",           380,       8.10868,       5.26217,            0.,NA,NA,"",   974.313E-03,  -958.710E-03,  -173.669E-03,   5.31498E-03
C:/temp/dataset/7/12_4.odb,Step-1,Increment      1: Step Time =    1.000,"PART-1-1",           381,       7.08888,       6.39331,            0.,NA,NA,"",       1.05432,      -1.02605,  -242.496E-03,   7.42269E-03
C:/temp/dataset/7/12_4.odb,Step-1,Increment      1: Step Time =    1.000,"PART-1-1",           382,            5.,       6.45833,            0.,NA,NA,"",       1.09902,      -1.03515,  -369.215E-03,   11.7285E-03
C:/temp/dataset/7/12_4.odb,Step-1,Increment      1: Step Time =    1.000,"PART-1-1",           383,           15.,         16.25,            0.,NA,NA,"",       1.75526,      -1.73131,   288.957E-03,   9.03427E-03
C:/temp/dataset/7/12_4.odb,Step-1,Increment      1: Step Time =    1.000,"PART-1-1",           384,       13.6214,       17.6671,            0.,NA,NA,"",       1.84634,      -1.83718,   183.653E-03,   6.11240E-03
C:/temp/dataset/7/12_4.odb,Step-1,Increment      1: Step Time =    1.000,"PART-1-1",           385,       12.4694,       16.3805,            0.,NA,NA,"",       1.72878,      -1.72642,   90.2736E-03,   3.82866E-03
C:/temp/dataset/7/12_4.odb,Step-1,Increment      1: Step Time =    1.000,"PART-1-1",           386,       10.0881,       9.74649,            0.,NA,NA,"",       1.23887,      -1.23676,  -72.3348E-03,   1.30227E-03
C:/temp/dataset/7/12_4.odb,Step-1,Increment      1: Step Time =    1.000,"PART-1-1",           387,       9.10561,       8.57814,            0.,NA,NA,"",       1.16725,      -1.15981,  -131.627E-03,   3.31876E-03
C:/temp/dataset/7/12_4.odb,Step-1,Increment      1: Step Time =    1.000,"PART-1-1",           388,       10.1162,       7.46436,            0.,NA,NA,"",       1.09271,      -1.09088,  -63.2741E-03,   1.22896E-03
C:/temp/dataset/7/12_4.odb,Step-1,Increment      1: Step Time =    1.000,"PART-1-1",           389,       11.0986,       8.63272,            0.,NA,NA,"",       1.16634,      -1.16634,  -3.70046E-03,   820.461E-06
C:/temp/dataset/7/12_4.odb,Step-1,Increment      1: Step Time =    1.000,"PART-1-1",           390,       9.96644,       19.4124,            0.,NA,NA,"",       1.96922,      -1.96568,  -117.933E-03,   2.11371E-03
C:/temp/dataset/7/12_4.odb,Step-1,Increment      1: Step Time =    1.000,"PART-1-1",           391,       10.9020,       20.3065,            0.,NA,NA,"",       2.04854,      -2.04810,  -42.4384E-03,   3.02489E-03
C:/temp/dataset/7/12_4.odb,Step-1,Increment      1: Step Time =    1.000,"PART-1-1",           392,       10.1153,       21.2880,            0.,NA,NA,"",       2.13505,      -2.13210,  -112.294E-03,   3.41063E-03
C:/temp/dataset/7/12_4.odb,Step-1,Increment      1: Step Time =    1.000,"PART-1-1",           393,       9.17975,       20.3940,            0.,NA,NA,"",       2.05656,      -2.04792,  -188.265E-03,   2.91113E-03
C:/temp/dataset/7/12_4.odb,Step-1,Increment      1: Step Time =    1.000,"PART-1-1",           394,           15.,         28.75,            0.,NA,NA,"",       2.86282,      -2.84742,   296.581E-03,   166.191E-06
C:/temp/dataset/7/12_4.odb,Step-1,Increment      1: Step Time =    1.000,"PART-1-1",           395,       14.0625,           30.,            0.,NA,NA,"",       2.96539,      -2.95828,   205.254E-03,   145.170E-06
C:/temp/dataset/7/12_4.odb,Step-1,Increment      1: Step Time =    1.000,"PART-1-1",           396,       13.1487,       28.7914,            0.,NA,NA,"",       2.84643,      -2.84360,   126.884E-03,   898.051E-06
C:/temp/dataset/7/12_4.odb,Step-1,Increment      1: Step Time =    1.000,"PART-1-1",           397,       14.0862,       27.5414,            0.,NA,NA,"",       2.74033,      -2.73169,   217.429E-03,   1.00769E-03
C:/temp/dataset/7/12_4.odb,Step-1,Increment      1: Step Time =    1.000,"PART-1-1",           398,       12.2440,       25.2848,            0.,NA,NA,"",       2.51310,      -2.51241,   59.0751E-03,   3.34814E-03
C:/temp/dataset/7/12_4.odb,Step-1,Increment      1: Step Time =    1.000,"PART-1-1",           399,       13.1763,       26.3811,            0.,NA,NA,"",       2.62302,      -2.61935,   138.861E-03,   2.44514E-03
C:/temp/dataset/7/12_4.odb,Step-1,Increment      1: Step Time =    1.000,"PART-1-1",           400,       12.2376,       27.6217,            0.,NA,NA,"",       2.73209,      -2.73165,   49.3910E-03,   2.23877E-03
C:/temp/dataset/7/12_4.odb,Step-1,Increment      1: Step Time =    1.000,"PART-1-1",           401,       11.3053,       26.5254,            0.,NA,NA,"",       2.62568,      -2.62551,  -29.5438E-03,   3.19516E-03
C:/temp/dataset/7/12_4.odb,Step-1,Increment      1: Step Time =    1.000,"PART-1-1",           402,       12.1875,           30.,            0.,NA,NA,"",       2.95107,      -2.95087,   34.1898E-03,   896.658E-06
C:/temp/dataset/7/12_4.odb,Step-1,Increment      1: Step Time =    1.000,"PART-1-1",           403,        6.5625,           30.,            0.,NA,NA,"",       2.98254,      -2.94313,  -483.254E-03,   4.99440E-03
C:/temp/dataset/7/12_4.odb,Step-1,Increment      1: Step Time =    1.000,"PART-1-1",           404,       5.40000,       28.6589,            0.,NA,NA,"",       2.87488,      -2.81461,  -585.580E-03,   3.90144E-03
C:/temp/dataset/7/12_4.odb,Step-1,Increment      1: Step Time =    1.000,"PART-1-1",           405,       6.32063,       27.5176,            0.,NA,NA,"",       2.75091,      -2.70686,  -490.292E-03,   2.79692E-03
C:/temp/dataset/7/12_4.odb,Step-1,Increment      1: Step Time =    1.000,"PART-1-1",           406,        2.8125,           30.,            0.,NA,NA,"",       3.06350,      -2.94322,  -850.000E-03,   4.78716E-03
C:/temp/dataset/7/12_4.odb,Step-1,Increment      1: Step Time =    1.000,"PART-1-1",           407,       1.86631,       29.3706,            0.,NA,NA,"",       3.02888,      -2.87880,  -941.613E-03,   3.35603E-03
C:/temp/dataset/7/12_4.odb,Step-1,Increment      1: Step Time =    1.000,"PART-1-1",           408,       2.52123,       28.3750,            0.,NA,NA,"",       2.91380,      -2.78133,  -868.569E-03,   2.88532E-03
C:/temp/dataset/7/12_4.odb,Step-1,Increment      1: Step Time =    1.000,"PART-1-1",           409,       3.46742,       29.0044,            0.,NA,NA,"",       2.94967,      -2.84536,  -777.495E-03,   3.91217E-03
C:/temp/dataset/7/12_4.odb,Step-1,Increment      1: Step Time =    1.000,"PART-1-1",           410,       1.19073,       28.4486,            0.,NA,NA,"",       2.96032,      -2.78434,      -1.00547,   3.26564E-03
C:/temp/dataset/7/12_4.odb,Step-1,Increment      1: Step Time =    1.000,"PART-1-1",           411,      -2.48443,       27.9761,            0.,NA,NA,"",       3.05547,      -2.72532,      -1.38150,   3.38942E-03
C:/temp/dataset/7/12_4.odb,Step-1,Increment      1: Step Time =    1.000,"PART-1-1",           412,       -2.8125,           30.,            0.,NA,NA,"",       3.25588,      -2.92469,      -1.43069,   3.35596E-03
C:/temp/dataset/7/12_4.odb,Step-1,Increment      1: Step Time =    1.000,"PART-1-1",           413,      -7.28733,       29.0238,            0.,NA,NA,"",       3.37007,      -2.80831,      -1.86301,   188.617E-06
C:/temp/dataset/7/12_4.odb,Step-1,Increment      1: Step Time =    1.000,"PART-1-1",           414,      -6.19423,       28.1363,            0.,NA,NA,"",       3.23894,      -2.72556,      -1.74988,   170.827E-06
C:/temp/dataset/7/12_4.odb,Step-1,Increment      1: Step Time =    1.000,"PART-1-1",           415,       -6.5625,           30.,            0.,NA,NA,"",       3.41840,      -2.90866,      -1.79588,   489.668E-06
C:/temp/dataset/7/12_4.odb,Step-1,Increment      1: Step Time =    1.000,"PART-1-1",           416,      -11.8079,       27.5253,            0.,NA,NA,"",       3.50313,      -2.63662,      -2.30655,   70.4586E-06
C:/temp/dataset/7/12_4.odb,Step-1,Increment      1: Step Time =    1.000,"PART-1-1",           417,      -12.6125,       26.1842,            0.,NA,NA,"",       3.45100,      -2.49879,      -2.38021,   41.8065E-06
C:/temp/dataset/7/12_4.odb,Step-1,Increment      1: Step Time =    1.000,"PART-1-1",           418,      -8.13992,       23.4434,            0.,NA,NA,"",       2.95628,      -2.24772,      -1.92025,   109.017E-06
C:/temp/dataset/7/12_4.odb,Step-1,Increment      1: Step Time =    1.000,"PART-1-1",           419,       -8.4375,           30.,            0.,NA,NA,"",       3.51285,      -2.89993,      -1.98255,   262.225E-06
C:/temp/dataset/7/12_4.odb,Step-1,Increment      1: Step Time =    1.000,"PART-1-1",           420,      -8.00049,       27.9480,            0.,NA,NA,"",       3.31633,      -2.69781,      -1.92870,   128.821E-06
C:/temp/dataset/7/12_4.odb,Step-1,Increment      1: Step Time =    1.000,"PART-1-1",           421,      -12.1875,           30.,            0.,NA,NA,"",       3.72265,      -2.88161,      -2.35680,   40.9695E-06
C:/temp/dataset/7/12_4.odb,Step-1,Increment      1: Step Time =    1.000,"PART-1-1",           422,          -15.,         26.25,            0.,NA,NA,"",       3.61597,      -2.49339,      -2.61882,   31.1321E-06
C:/temp/dataset/7/12_4.odb,Step-1,Increment      1: Step Time =    1.000,"PART-1-1",           423,  -614.199E-03,       25.3895,            0.,NA,NA,"",       2.74053,      -2.47715,      -1.17227,   3.37494E-03
C:/temp/dataset/7/12_4.odb,Step-1,Increment      1: Step Time =    1.000,"PART-1-1",           424,      -1.97220,       26.8586,            0.,NA,NA,"",       2.93100,      -2.61631,      -1.32124,   3.28707E-03
C:/temp/dataset/7/12_4.odb,Step-1,Increment      1: Step Time =    1.000,"PART-1-1",           425,      -1.74113,       25.3247,            0.,NA,NA,"",       2.78165,      -2.46583,      -1.28734,   2.57142E-03
C:/temp/dataset/7/12_4.odb,Step-1,Increment      1: Step Time =    1.000,"PART-1-1",           426,       8.18659,       21.6045,            0.,NA,NA,"",       2.17086,      -2.15273,  -279.970E-03,   4.03223E-03
C:/temp/dataset/7/12_4.odb,Step-1,Increment      1: Step Time =    1.000,"PART-1-1",           427,       9.25192,       22.4602,            0.,NA,NA,"",       2.24410,      -2.23588,  -191.851E-03,   3.93848E-03
C:/temp/dataset/7/12_4.odb,Step-1,Increment      1: Step Time =    1.000,"PART-1-1",           428,       8.38526,       23.6138,            0.,NA,NA,"",       2.35687,      -2.34080,  -274.786E-03,   3.85089E-03
C:/temp/dataset/7/12_4.odb,Step-1,Increment      1: Step Time =    1.000,"PART-1-1",           429,       7.31993,       22.7581,            0.,NA,NA,"",       2.28623,      -2.25695,  -364.721E-03,   4.27442E-03
C:/temp/dataset/7/12_4.odb,Step-1,Increment      1: Step Time =    1.000,"PART-1-1",           430,           15.,         26.25,            0.,NA,NA,"",       2.63358,      -2.61575,   305.998E-03,   1.63154E-03
C:/temp/dataset/7/12_4.odb,Step-1,Increment      1: Step Time =    1.000,"PART-1-1",           431,        4.6875,           30.,            0.,NA,NA,"",       3.01754,      -2.94361,  -663.850E-03,   5.26935E-03
C:/temp/dataset/7/12_4.odb,Step-1,Increment      1: Step Time =    1.000,"PART-1-1",           432,       9.38339,       24.5308,            0.,NA,NA,"",       2.43810,      -2.43060,  -191.117E-03,   3.92897E-03
C:/temp/dataset/7/12_4.odb,Step-1,Increment      1: Step Time =    1.000,"PART-1-1",           433,       8.53172,       25.6694,            0.,NA,NA,"",       2.55076,      -2.53600,  -273.991E-03,   3.41120E-03
C:/temp/dataset/7/12_4.odb,Step-1,Increment      1: Step Time =    1.000,"PART-1-1",           434,       7.53359,       24.7524,            0.,NA,NA,"",       2.47244,      -2.44621,  -359.245E-03,   3.49284E-03
C:/temp/dataset/7/12_4.odb,Step-1,Increment      1: Step Time =    1.000,"PART-1-1",           435,     937.5E-03,           30.,            0.,NA,NA,"",       3.12006,      -2.94105,      -1.04161,   3.55179E-03
C:/temp/dataset/7/12_4.odb,Step-1,Increment      1: Step Time =    1.000,"PART-1-1",           436,       5.64845,       26.5466,            0.,NA,NA,"",       2.66940,      -2.61251,  -548.176E-03,   2.68999E-03
C:/temp/dataset/7/12_4.odb,Step-1,Increment      1: Step Time =    1.000,"PART-1-1",           437,       4.65082,       24.6490,            0.,NA,NA,"",       2.50913,      -2.42817,  -632.248E-03,   3.26674E-03
C:/temp/dataset/7/12_4.odb,Step-1,Increment      1: Step Time =    1.000,"PART-1-1",           438,       5.82711,       24.9927,            0.,NA,NA,"",       2.51892,      -2.46454,  -520.546E-03,   2.91858E-03
C:/temp/dataset/7/12_4.odb,Step-1,Increment      1: Step Time =    1.000,"PART-1-1",           439,      -3.57200,       27.5772,            0.,NA,NA,"",       3.06667,      -2.68188,      -1.48728,   2.11486E-03
C:/temp/dataset/7/12_4.odb,Step-1,Increment      1: Step Time =    1.000,"PART-1-1",           440,      -3.05977,       26.4597,            0.,NA,NA,"",       2.94272,      -2.57277,      -1.42844,   2.03061E-03
C:/temp/dataset/7/12_4.odb,Step-1,Increment      1: Step Time =    1.000,"PART-1-1",           441,      -4.23358,       26.7178,            0.,NA,NA,"",       3.02029,      -2.59363,      -1.54765,   1.29489E-03
C:/temp/dataset/7/12_4.odb,Step-1,Increment      1: Step Time =    1.000,"PART-1-1",           442,      -5.07335,       27.3652,            0.,NA,NA,"",       3.11741,      -2.65437,      -1.63480,   645.052E-06
C:/temp/dataset/7/12_4.odb,Step-1,Increment      1: Step Time =    1.000,"PART-1-1",           443,      -5.65848,       26.3267,            0.,NA,NA,"",       3.05610,      -2.54807,      -1.68732,   487.760E-06
C:/temp/dataset/7/12_4.odb,Step-1,Increment      1: Step Time =    1.000,"PART-1-1",           444,      -6.77936,       27.0978,            0.,NA,NA,"",       3.17981,      -2.61934,      -1.80284,   111.539E-06
C:/temp/dataset/7/12_4.odb,Step-1,Increment      1: Step Time =    1.000,"PART-1-1",           445,       13.0726,       6.26892,            0.,NA,NA,"",       1.03274,      -1.02607,   117.216E-03,   4.85495E-03
C:/temp/dataset/7/12_4.odb,Step-1,Increment      1: Step Time =    1.000,"PART-1-1",           446,       14.0382,       5.02867,            0.,NA,NA,"",   972.133E-03,  -957.263E-03,   169.382E-03,   6.79491E-03
C:/temp/dataset/7/12_4.odb,Step-1,Increment      1: Step Time =    1.000,"PART-1-1",           447,           15.,          6.25,            0.,NA,NA,"",       1.05998,      -1.03428,   231.994E-03,   8.80925E-03
C:/temp/dataset/7/12_4.odb,Step-1,Increment      1: Step Time =    1.000,"PART-1-1",           448,       14.0344,       7.49025,            0.,NA,NA,"",       1.11961,      -1.10507,   179.850E-03,   6.86905E-03
C:/temp/dataset/7/12_4.odb,Step-1,Increment      1: Step Time =    1.000,"PART-1-1",           449,            5.,       12.7083,            0.,NA,NA,"",       1.51065,      -1.44243,  -448.845E-03,   11.8239E-03
C:/temp/dataset/7/12_4.odb,Step-1,Increment      1: Step Time =    1.000,"PART-1-1",           450,       6.97129,       12.7632,            0.,NA,NA,"",       1.47512,      -1.44270,  -307.565E-03,   7.78652E-03
C:/temp/dataset/7/12_4.odb,Step-1,Increment      1: Step Time =    1.000,"PART-1-1",           451,       8.08110,       9.66220,            0.,NA,NA,"",       1.24677,      -1.22979,  -205.058E-03,   5.44453E-03
C:/temp/dataset/7/12_4.odb,Step-1,Increment      1: Step Time =    1.000,"PART-1-1",           452,       8.10192,       7.46894,            0.,NA,NA,"",       1.10639,      -1.09020,  -188.600E-03,   5.36512E-03
C:/temp/dataset/7/12_4.odb,Step-1,Increment      1: Step Time =    1.000,"PART-1-1",           453,            5.,        -1.875,            0.,NA,NA,"",   660.792E-03,  -602.581E-03,  -271.187E-03,   11.3742E-03
C:/temp/dataset/7/12_4.odb,Step-1,Increment      1: Step Time =    1.000,"PART-1-1",           454,       6.91011,      -2.19684,            0.,NA,NA,"",   609.997E-03,  -582.111E-03,  -182.326E-03,   7.56000E-03
C:/temp/dataset/7/12_4.odb,Step-1,Increment      1: Step Time =    1.000,"PART-1-1",           455,       11.0205,  -751.161E-03,            0.,NA,NA,"",   645.796E-03,  -645.795E-03,   567.714E-06,   624.406E-06
C:/temp/dataset/7/12_4.odb,Step-1,Increment      1: Step Time =    1.000,"PART-1-1",           456,       13.1408,      -16.1676,            0.,NA,NA,"",   140.875E-03,  -132.840E-03,   46.8971E-03,   4.21183E-03
C:/temp/dataset/7/12_4.odb,Step-1,Increment      1: Step Time =    1.000,"PART-1-1",           457,       14.0839,      -17.4497,            0.,NA,NA,"",   125.349E-03,  -110.143E-03,   59.8396E-03,   5.83271E-03
C:/temp/dataset/7/12_4.odb,Step-1,Increment      1: Step Time =    1.000,"PART-1-1",           458,           15.,        -16.25,            0.,NA,NA,"",   160.542E-03,  -136.445E-03,   84.5968E-03,   7.55330E-03
C:/temp/dataset/7/12_4.odb,Step-1,Increment      1: Step Time =    1.000,"PART-1-1",           459,            5.,       -14.375,            0.,NA,NA,"",   229.177E-03,  -181.430E-03,  -140.019E-03,   10.6250E-03
C:/temp/dataset/7/12_4.odb,Step-1,Increment      1: Step Time =    1.000,"PART-1-1",           460,       6.11916,      -15.3567,            0.,NA,NA,"",   187.600E-03,  -154.899E-03,  -105.830E-03,   8.51179E-03
C:/temp/dataset/7/12_4.odb,Step-1,Increment      1: Step Time =    1.000,"PART-1-1",           461,       13.0403,       1.40949,            0.,NA,NA,"",   763.277E-03,  -756.417E-03,   102.108E-03,   4.66517E-03
C:/temp/dataset/7/12_4.odb,Step-1,Increment      1: Step Time =    1.000,"PART-1-1",           462,       14.0142,   96.5788E-03,            0.,NA,NA,"",   709.676E-03,  -694.610E-03,   145.457E-03,   6.57089E-03
C:/temp/dataset/7/12_4.odb,Step-1,Increment      1: Step Time =    1.000,"PART-1-1",           463,           15.,          1.25,            0.,NA,NA,"",   782.767E-03,  -756.634E-03,   200.571E-03,   8.59259E-03
C:/temp/dataset/7/12_4.odb,Step-1,Increment      1: Step Time =    1.000,"PART-1-1",           464,       14.0261,       2.56291,            0.,NA,NA,"",   835.369E-03,  -820.376E-03,   157.561E-03,   6.68564E-03
C:/temp/dataset/7/12_4.odb,Step-1,Increment      1: Step Time =    1.000,"PART-1-1",           465,            5.,      -10.2083,            0.,NA,NA,"",   344.309E-03,  -292.389E-03,  -181.818E-03,   10.9025E-03
C:/temp/dataset/7/12_4.odb,Step-1,Increment      1: Step Time =    1.000,"PART-1-1",           466,       6.86187,      -9.97015,            0.,NA,NA,"",   318.959E-03,  -292.817E-03,  -126.463E-03,   7.38148E-03
C:/temp/dataset/7/12_4.odb,Step-1,Increment      1: Step Time =    1.000,"PART-1-1",           467,            5.,      -24.7917,            0.,NA,NA,"",   50.3904E-03,  -25.8815E-03,  -43.2359E-03,   9.61420E-03
C:/temp/dataset/7/12_4.odb,Step-1,Increment      1: Step Time =    1.000,"PART-1-1",           468,       6.13477,      -25.7685,            0.,NA,NA,"",   32.0805E-03,  -15.3685E-03,  -28.1597E-03,   7.78671E-03
C:/temp/dataset/7/12_4.odb,Step-1,Increment      1: Step Time =    1.000,"PART-1-1",           469,       13.1299,      -20.9468,            0.,NA,NA,"",   60.9511E-03,  -53.1467E-03,   29.8407E-03,   3.96555E-03
C:/temp/dataset/7/12_4.odb,Step-1,Increment      1: Step Time =    1.000,"PART-1-1",           470,       14.0295,      -22.3095,            0.,NA,NA,"",   52.3511E-03,  -38.9855E-03,   34.9395E-03,   5.45965E-03
C:/temp/dataset/7/12_4.odb,Step-1,Increment      1: Step Time =    1.000,"PART-1-1",           471,           15.,        -21.25,            0.,NA,NA,"",   75.1594E-03,  -54.1169E-03,   52.1564E-03,   7.20302E-03
C:/temp/dataset/7/12_4.odb,Step-1,Increment      1: Step Time =    1.000,"PART-1-1",           472,       14.1003,      -19.8873,            0.,NA,NA,"",   84.6697E-03,  -69.8889E-03,   47.7964E-03,   5.71199E-03
C:/temp/dataset/7/12_4.odb,Step-1,Increment      1: Step Time =    1.000,"PART-1-1",           473,            5.,       -26.875,            0.,NA,NA,"",   29.4460E-03,  -14.3061E-03,  -25.7372E-03,   9.35890E-03
C:/temp/dataset/7/12_4.odb,Step-1,Increment      1: Step Time =    1.000,"PART-1-1",           474,       7.35824,      -26.7740,            0.,NA,NA,"",   16.7144E-03,  -6.63591E-03,  -15.3407E-03,   5.87098E-03
C:/temp/dataset/7/12_4.odb,Step-1,Increment      1: Step Time =    1.000,"PART-1-1",           475,       11.2665,      -23.4125,            0.,NA,NA,"",   24.4669E-03,  -24.1595E-03,   3.86646E-03,   740.166E-06
C:/temp/dataset/7/12_4.odb,Step-1,Increment      1: Step Time =    1.000,"PART-1-1",           476,       10.8283,      -24.9299,            0.,NA,NA,"",   12.1630E-03,  -12.1625E-03,  -102.857E-06,   267.241E-06
C:/temp/dataset/7/12_4.odb,Step-1,Increment      1: Step Time =    1.000,"PART-1-1",           477,            5.,      -16.4583,            0.,NA,NA,"",   181.709E-03,  -136.635E-03,  -119.787E-03,   10.4729E-03
C:/temp/dataset/7/12_4.odb,Step-1,Increment      1: Step Time =    1.000,"PART-1-1",           478,       7.29529,      -16.4772,            0.,NA,NA,"",   147.491E-03,  -128.044E-03,  -73.2018E-03,   6.32619E-03
C:/temp/dataset/7/12_4.odb,Step-1,Increment      1: Step Time =    1.000,"PART-1-1",           479,            5.,       18.9583,            0.,NA,NA,"",       1.98803,      -1.91414,  -536.949E-03,   16.5783E-03
C:/temp/dataset/7/12_4.odb,Step-1,Increment      1: Step Time =    1.000,"PART-1-1",           480,       6.05050,       17.7875,            0.,NA,NA,"",       1.87141,      -1.82058,  -433.186E-03,   10.2075E-03
C:/temp/dataset/7/12_4.odb,Step-1,Increment      1: Step Time =    1.000,"PART-1-1",           481,       7.11573,       18.6629,            0.,NA,NA,"",       1.92384,      -1.89115,  -353.123E-03,   5.30533E-03
C:/temp/dataset/7/12_4.odb,Step-1,Increment      1: Step Time =    1.000,"PART-1-1",           482,       6.06524,       19.8338,            0.,NA,NA,"",       2.03461,      -1.98324,  -454.276E-03,   9.68195E-03
C:/temp/dataset/7/12_4.odb,Step-1,Increment      1: Step Time =    1.000,"PART-1-1",           483,       6.98524,       16.7251,            0.,NA,NA,"",       1.77195,      -1.73797,  -345.363E-03,   7.76005E-03
C:/temp/dataset/7/12_4.odb,Step-1,Increment      1: Step Time =    1.000,"PART-1-1",           484,            5.,        16.875,            0.,NA,NA,"",       1.82352,      -1.75246,  -504.109E-03,   12.3267E-03
C:/temp/dataset/7/12_4.odb,Step-1,Increment      1: Step Time =    1.000,"PART-1-1",           485,       7.88091,       13.8682,            0.,NA,NA,"",       1.54274,      -1.52222,  -250.836E-03,   5.89026E-03
C:/temp/dataset/7/12_4.odb,Step-1,Increment      1: Step Time =    1.000,"PART-1-1",           486,       7.65947,       15.6945,            0.,NA,NA,"",       1.68275,      -1.65883,  -282.729E-03,   6.33753E-03
C:/temp/dataset/7/12_4.odb,Step-1,Increment      1: Step Time =    1.000,"PART-1-1",           487,       8.92157,       12.9075,            0.,NA,NA,"",       1.46279,      -1.45312,  -167.914E-03,   3.72907E-03
C:/temp/dataset/7/12_4.odb,Step-1,Increment      1: Step Time =    1.000,"PART-1-1",           488,       9.98918,       11.9956,            0.,NA,NA,"",       1.39262,      -1.38989,  -87.1755E-03,   1.51278E-03
C:/temp/dataset/7/12_4.odb,Step-1,Increment      1: Step Time =    1.000,"PART-1-1",           489,       10.7968,       13.3004,            0.,NA,NA,"",       1.48556,      -1.48518,  -33.2775E-03,   288.118E-06
C:/temp/dataset/7/12_4.odb,Step-1,Increment      1: Step Time =    1.000,"PART-1-1",           490,       13.0565,       8.69239,            0.,NA,NA,"",       1.18307,      -1.17675,   122.132E-03,   4.87613E-03
C:/temp/dataset/7/12_4.odb,Step-1,Increment      1: Step Time =    1.000,"PART-1-1",           491,           15.,          8.75,            0.,NA,NA,"",       1.21587,      -1.19050,   247.053E-03,   8.92071E-03
C:/temp/dataset/7/12_4.odb,Step-1,Increment      1: Step Time =    1.000,"PART-1-1",           492,       14.0220,       9.95215,            0.,NA,NA,"",       1.27825,      -1.26417,   189.194E-03,   6.92924E-03
C:/temp/dataset/7/12_4.odb,Step-1,Increment      1: Step Time =    1.000,"PART-1-1",           493,       8.15713,      -6.43409,            0.,NA,NA,"",   421.789E-03,  -408.788E-03,  -103.916E-03,   5.00757E-03
C:/temp/dataset/7/12_4.odb,Step-1,Increment      1: Step Time =    1.000,"PART-1-1",           494,       7.55707,      -5.50995,            0.,NA,NA,"",   463.654E-03,  -444.455E-03,  -132.040E-03,   6.20396E-03
C:/temp/dataset/7/12_4.odb,Step-1,Increment      1: Step Time =    1.000,"PART-1-1",           495,       13.0039,      -1.03047,            0.,NA,NA,"",   644.011E-03,  -637.236E-03,   93.1645E-03,   4.52310E-03
C:/temp/dataset/7/12_4.odb,Step-1,Increment      1: Step Time =    1.000,"PART-1-1",           496,       13.9897,      -2.37705,            0.,NA,NA,"",   594.473E-03,  -579.507E-03,   132.548E-03,   6.42388E-03
C:/temp/dataset/7/12_4.odb,Step-1,Increment      1: Step Time =    1.000,"PART-1-1",           497,           15.,         -1.25,            0.,NA,NA,"",   661.204E-03,  -634.987E-03,   184.341E-03,   8.47330E-03
C:/temp/dataset/7/12_4.odb,Step-1,Increment      1: Step Time =    1.000,"PART-1-1",           498,       11.0188,      -11.3444,            0.,NA,NA,"",   247.842E-03,  -247.822E-03,   3.14337E-03,   533.379E-06
C:/temp/dataset/7/12_4.odb,Step-1,Increment      1: Step Time =    1.000,"PART-1-1",           499,       9.94563,      -10.3262,            0.,NA,NA,"",   278.955E-03,  -277.372E-03,  -29.6693E-03,   1.57286E-03
C:/temp/dataset/7/12_4.odb,Step-1,Increment      1: Step Time =    1.000,"PART-1-1",           500,       9.07908,      -11.6768,            0.,NA,NA,"",   244.369E-03,  -238.825E-03,  -51.7547E-03,   3.17845E-03
C:/temp/dataset/7/12_4.odb,Step-1,Increment      1: Step Time =    1.000,"PART-1-1",           501,       10.1523,      -12.6950,            0.,NA,NA,"",   211.727E-03,  -210.786E-03,  -19.9351E-03,   1.20110E-03
C:/temp/dataset/7/12_4.odb,Step-1,Increment      1: Step Time =    1.000,"PART-1-1",           502,       11.2699,       24.2837,            0.,NA,NA,"",       2.41438,      -2.41426,  -23.4655E-03,   3.89191E-03
C:/temp/dataset/7/12_4.odb,Step-1,Increment      1: Step Time =    1.000,"PART-1-1",           503,       12.1787,       22.9892,            0.,NA,NA,"",       2.29837,      -2.29759,   60.1718E-03,   3.91278E-03
C:/temp/dataset/7/12_4.odb,Step-1,Increment      1: Step Time =    1.000,"PART-1-1",           504,           15.,         -3.75,            0.,NA,NA,"",   550.821E-03,  -524.617E-03,   167.871E-03,   8.34476E-03
C:/temp/dataset/7/12_4.odb,Step-1,Increment      1: Step Time =    1.000,"PART-1-1",           505,       12.9359,      -3.49956,            0.,NA,NA,"",   533.928E-03,  -527.472E-03,   82.7791E-03,   4.31424E-03
C:/temp/dataset/7/12_4.odb,Step-1,Increment      1: Step Time =    1.000,"PART-1-1",           506,           15.,        -11.25,            0.,NA,NA,"",   285.136E-03,  -259.667E-03,   117.794E-03,   7.89692E-03
C:/temp/dataset/7/12_4.odb,Step-1,Increment      1: Step Time =    1.000,"PART-1-1",           507,       12.9838,      -11.1958,            0.,NA,NA,"",   261.945E-03,  -254.950E-03,   60.1288E-03,   4.13377E-03
C:/temp/dataset/7/12_4.odb,Step-1,Increment      1: Step Time =    1.000,"PART-1-1",           508,           15.,         11.25,            0.,NA,NA,"",       1.38349,      -1.35853,   261.621E-03,   9.04575E-03
C:/temp/dataset/7/12_4.odb,Step-1,Increment      1: Step Time =    1.000,"PART-1-1",           509,       12.9950,       11.1325,            0.,NA,NA,"",       1.34504,      -1.33939,   123.225E-03,   4.79544E-03
C:/temp/dataset/7/12_4.odb,Step-1,Increment      1: Step Time =    1.000,"PART-1-1",           510,           15.,          3.75,            0.,NA,NA,"",   915.649E-03,  -889.691E-03,   216.480E-03,   8.70301E-03
C:/temp/dataset/7/12_4.odb,Step-1,Increment      1: Step Time =    1.000,"PART-1-1",           511,       13.0643,       3.84158,            0.,NA,NA,"",   892.808E-03,  -885.973E-03,   110.265E-03,   4.77840E-03
C:/temp/dataset/7/12_4.odb,Step-1,Increment      1: Step Time =    1.000,"PART-1-1",           512,           15.,        -18.75,            0.,NA,NA,"",   113.178E-03,  -90.2781E-03,   68.2582E-03,   7.37338E-03
C:/temp/dataset/7/12_4.odb,Step-1,Increment      1: Step Time =    1.000,"PART-1-1",           513,       13.1842,      -18.5870,            0.,NA,NA,"",   96.2809E-03,  -88.0210E-03,   39.0169E-03,   4.17795E-03
C:/temp/dataset/7/12_4.odb,Step-1,Increment      1: Step Time =    1.000,"PART-1-1",           514,       13.5513,      -24.7801,            0.,NA,NA,"",   25.4277E-03,  -16.0819E-03,   19.6963E-03,   4.49947E-03
C:/temp/dataset/7/12_4.odb,Step-1,Increment      1: Step Time =    1.000,"PART-1-1",           515,       12.2413,      -25.9996,            0.,NA,NA,"",   10.2390E-03,  -6.74625E-03,   7.70231E-03,   2.34939E-03
C:/temp/dataset/7/12_4.odb,Step-1,Increment      1: Step Time =    1.000,"PART-1-1",           516,           15.,        -26.25,            0.,NA,NA,"",   23.7718E-03,  -11.2804E-03,   20.9248E-03,   6.76332E-03
C:/temp/dataset/7/12_4.odb,Step-1,Increment      1: Step Time =    1.000,"PART-1-1",           517,           15.,        -23.75,            0.,NA,NA,"",   45.7644E-03,  -27.8317E-03,   36.3288E-03,   7.00015E-03
C:/temp/dataset/7/12_4.odb,Step-1,Increment      1: Step Time =    1.000,"PART-1-1",           518,       12.5809,      -23.3397,            0.,NA,NA,"",   30.7225E-03,  -25.9850E-03,   16.3906E-03,   2.96340E-03
C:/temp/dataset/7/12_4.odb,Step-1,Increment      1: Step Time =    1.000,"PART-1-1",           519,       9.49127,      -18.7202,            0.,NA,NA,"",   86.9347E-03,  -83.7535E-03,  -23.3023E-03,   2.38553E-03
C:/temp/dataset/7/12_4.odb,Step-1,Increment      1: Step Time =    1.000,"PART-1-1",           520,       8.36047,      -17.5836,            0.,NA,NA,"",   114.797E-03,  -104.760E-03,  -46.9439E-03,   4.38585E-03
C:/temp/dataset/7/12_4.odb,Step-1,Increment      1: Step Time =    1.000,"PART-1-1",           521,       11.5260,      -20.5498,            0.,NA,NA,"",   57.0633E-03,  -56.3340E-03,   9.09390E-03,   1.22503E-03
C:/temp/dataset/7/12_4.odb,Step-1,Increment      1: Step Time =    1.000,"PART-1-1",           522,       10.5221,      -19.7870,            0.,NA,NA,"",   66.9859E-03,  -66.7739E-03,  -5.32464E-03,   647.828E-06
C:/temp/dataset/7/12_4.odb,Step-1,Increment      1: Step Time =    1.000,"PART-1-1",           523,       11.0260,      -21.8608,            0.,NA,NA,"",   39.9491E-03,  -39.9055E-03,   1.86773E-03,   415.384E-06
C:/temp/dataset/7/12_4.odb,Step-1,Increment      1: Step Time =    1.000,"PART-1-1",           524,       7.98010,      -10.7619,            0.,NA,NA,"",   280.506E-03,  -266.498E-03,  -87.5363E-03,   5.24497E-03
C:/temp/dataset/7/12_4.odb,Step-1,Increment      1: Step Time =    1.000,"PART-1-1",           525,       8.65118,      -4.78401,            0.,NA,NA,"",   480.087E-03,  -471.049E-03,  -92.7173E-03,   4.07886E-03
C:/temp/dataset/7/12_4.odb,Step-1,Increment      1: Step Time =    1.000,"PART-1-1",           526,       7.84665,      -3.50518,            0.,NA,NA,"",   540.616E-03,  -524.109E-03,  -132.572E-03,   5.67936E-03
C:/temp/dataset/7/12_4.odb,Step-1,Increment      1: Step Time =    1.000,"PART-1-1",           527,       9.43586,      -6.49799,            0.,NA,NA,"",   409.059E-03,  -405.198E-03,  -56.0708E-03,   2.54815E-03
C:/temp/dataset/7/12_4.odb,Step-1,Increment      1: Step Time =    1.000,"PART-1-1",           528,       10.6293,      -5.79077,            0.,NA,NA,"",   431.880E-03,  -431.702E-03,  -12.4018E-03,   334.774E-06
C:/temp/dataset/7/12_4.odb,Step-1,Increment      1: Step Time =    1.000,"PART-1-1",           529,       11.1144,       3.95682,            0.,NA,NA,"",   886.871E-03,  -886.868E-03,   2.18846E-03,   838.157E-06
C:/temp/dataset/7/12_4.odb,Step-1,Increment      1: Step Time =    1.000,"PART-1-1",           530,       10.1270,       5.17226,            0.,NA,NA,"",   955.680E-03,  -954.035E-03,  -56.0493E-03,   1.20109E-03
C:/temp/dataset/7/12_4.odb,Step-1,Increment      1: Step Time =    1.000,"PART-1-1",           531,       9.05317,       10.7826,            0.,NA,NA,"",       1.31308,      -1.30487,  -146.608E-03,   3.45657E-03
C:/temp/dataset/7/12_4.odb,Step-1,Increment      1: Step Time =    1.000,"PART-1-1",           532,       8.01195,       11.8024,            0.,NA,NA,"",       1.39292,      -1.37457,  -225.342E-03,   5.62844E-03
C:/temp/dataset/7/12_4.odb,Step-1,Increment      1: Step Time =    1.000,"PART-1-1",           533,       11.0241,       10.9595,            0.,NA,NA,"",       1.32043,      -1.32037,  -12.2441E-03,   673.382E-06
C:/temp/dataset/7/12_4.odb,Step-1,Increment      1: Step Time =    1.000,"PART-1-1",           534,       8.35051,       17.3209,            0.,NA,NA,"",       1.80279,      -1.78668,  -240.478E-03,   4.52608E-03
C:/temp/dataset/7/12_4.odb,Step-1,Increment      1: Step Time =    1.000,"PART-1-1",           535,       12.5952,       19.1415,            0.,NA,NA,"",       1.95799,      -1.95540,   100.683E-03,   4.03622E-03
C:/temp/dataset/7/12_4.odb,Step-1,Increment      1: Step Time =    1.000,"PART-1-1",           536,           15.,         18.75,            0.,NA,NA,"",       1.96027,      -1.93710,   300.479E-03,   8.30332E-03
C:/temp/dataset/7/12_4.odb,Step-1,Increment      1: Step Time =    1.000,"PART-1-1",           537,      -7.03326,       22.4462,            0.,NA,NA,"",       2.80972,      -2.15355,      -1.80465,   51.0664E-06
C:/temp/dataset/7/12_4.odb,Step-1,Increment      1: Step Time =    1.000,"PART-1-1",           538,      -8.48458,       21.3302,            0.,NA,NA,"",       2.81412,      -2.03467,      -1.94406,   114.954E-06
C:/temp/dataset/7/12_4.odb,Step-1,Increment      1: Step Time =    1.000,"PART-1-1",           539,      -6.65000,           20.,            0.,NA,NA,"",       2.59345,      -1.91051,      -1.75383,   253.390E-06
C:/temp/dataset/7/12_4.odb,Step-1,Increment      1: Step Time =    1.000,"PART-1-1",           540,      -5.19869,       21.1160,            0.,NA,NA,"",       2.59302,      -2.02943,      -1.61405,   164.470E-06
C:/temp/dataset/7/12_4.odb,Step-1,Increment      1: Step Time =    1.000,"PART-1-1",           541,       9.42603,       26.6587,            0.,NA,NA,"",       2.63974,      -2.63225,  -198.704E-03,   3.42371E-03
C:/temp/dataset/7/12_4.odb,Step-1,Increment      1: Step Time =    1.000,"PART-1-1",           542,       10.3720,       25.4897,            0.,NA,NA,"",       2.52686,      -2.52455,  -108.049E-03,   3.70605E-03
C:/temp/dataset/7/12_4.odb,Step-1,Increment      1: Step Time =    1.000,"PART-1-1",           543,       6.87457,       25.7626,            0.,NA,NA,"",       2.57622,      -2.54059,  -426.936E-03,   2.84431E-03
C:/temp/dataset/7/12_4.odb,Step-1,Increment      1: Step Time =    1.000,"PART-1-1",           544,       7.54675,       26.7337,            0.,NA,NA,"",       2.66066,      -2.63473,  -370.598E-03,   3.12983E-03
C:/temp/dataset/7/12_4.odb,Step-1,Increment      1: Step Time =    1.000,"PART-1-1",           545,      -3.17643,       25.4018,            0.,NA,NA,"",       2.85345,      -2.46727,      -1.43346,   1.73511E-03
C:/temp/dataset/7/12_4.odb,Step-1,Increment      1: Step Time =    1.000,"PART-1-1",           546,      -4.35024,       25.6599,            0.,NA,NA,"",       2.93269,      -2.48774,      -1.55302,   893.977E-06
C:/temp/dataset/7/12_4.odb,Step-1,Increment      1: Step Time =    1.000,"PART-1-1",           547,       4.01884,       22.4610,            0.,NA,NA,"",       2.31973,      -2.21816,  -678.898E-03,   5.28112E-03
C:/temp/dataset/7/12_4.odb,Step-1,Increment      1: Step Time =    1.000,"PART-1-1",           548,       5.32127,       23.1739,            0.,NA,NA,"",       2.35683,      -2.29036,  -555.767E-03,   4.33517E-03
C:/temp/dataset/7/12_4.odb,Step-1,Increment      1: Step Time =    1.000,"PART-1-1",           549,       11.1447,       22.1526,            0.,NA,NA,"",       2.21576,      -2.21560,  -27.0471E-03,   3.79104E-03
C:/temp/dataset/7/12_4.odb,Step-1,Increment      1: Step Time =    1.000,"PART-1-1",           550,       10.2813,       23.3249,            0.,NA,NA,"",       2.32287,      -2.32044,  -106.194E-03,   3.97384E-03
C:/temp/dataset/7/12_4.odb,Step-1,Increment      1: Step Time =    1.000,"PART-1-1",           551,       6.15508,       21.9496,            0.,NA,NA,"",       2.22659,      -2.17741,  -465.381E-03,   5.36880E-03
C:/temp/dataset/7/12_4.odb,Step-1,Increment      1: Step Time =    1.000,"PART-1-1",           552,       6.48612,       23.9825,            0.,NA,NA,"",       2.41295,      -2.37045,  -450.885E-03,   3.33841E-03
C:/temp/dataset/7/12_4.odb,Step-1,Increment      1: Step Time =    1.000,"PART-1-1",           553,   6.30745E-03,       24.2683,            0.,NA,NA,"",       2.61404,      -2.37043,      -1.10194,   3.20296E-03
C:/temp/dataset/7/12_4.odb,Step-1,Increment      1: Step Time =    1.000,"PART-1-1",           554,      -1.65981,       23.6471,            0.,NA,NA,"",       2.62749,      -2.30060,      -1.26923,   2.05165E-03
C:/temp/dataset/7/12_4.odb,Step-1,Increment      1: Step Time =    1.000,"PART-1-1",           555,      -1.07768,       22.4355,            0.,NA,NA,"",       2.49325,      -2.18357,      -1.20347,   2.06478E-03
C:/temp/dataset/7/12_4.odb,Step-1,Increment      1: Step Time =    1.000,"PART-1-1",           556,   588.432E-03,       23.0567,            0.,NA,NA,"",       2.48117,      -2.25465,      -1.03574,   3.35959E-03
C:/temp/dataset/7/12_4.odb,Step-1,Increment      1: Step Time =    1.000,"PART-1-1",           557,      -4.82218,       24.5397,            0.,NA,NA,"",       2.85941,      -2.37387,      -1.59404,   645.759E-06
C:/temp/dataset/7/12_4.odb,Step-1,Increment      1: Step Time =    1.000,"PART-1-1",           558,      -3.09511,       23.7242,            0.,NA,NA,"",       2.70155,      -2.30100,      -1.41554,   1.10549E-03
C:/temp/dataset/7/12_4.odb,Step-1,Increment      1: Step Time =    1.000,"PART-1-1",           559,      -5.58708,       23.2486,            0.,NA,NA,"",       2.79126,      -2.24110,      -1.66392,   201.303E-06
C:/temp/dataset/7/12_4.odb,Step-1,Increment      1: Step Time =    1.000,"PART-1-1",           560,       8.76337,      -9.49006,            0.,NA,NA,"",   311.657E-03,  -303.907E-03,  -69.0699E-03,   3.80349E-03
C:/temp/dataset/7/12_4.odb,Step-1,Increment      1: Step Time =    1.000,"PART-1-1",           561,       9.72759,      -26.4759,            0.,NA,NA,"",   6.64909E-03,  -4.04001E-03,  -5.28098E-03,   1.94222E-03
C:/temp/dataset/7/12_4.odb,Step-1,Increment      1: Step Time =    1.000,"PART-1-1",           562,       9.12173,       6.33780,            0.,NA,NA,"",       1.02857,      -1.02158,  -119.734E-03,   3.25776E-03
C:/temp/dataset/7/12_4.odb,Step-1,Increment      1: Step Time =    1.000,"PART-1-1",           563,       11.1214,       6.29882,            0.,NA,NA,"",       1.02183,      -1.02183,   459.794E-06,   863.244E-06
C:/temp/dataset/7/12_4.odb,Step-1,Increment      1: Step Time =    1.000,"PART-1-1",           564,       11.1740,      -13.7880,            0.,NA,NA,"",   183.607E-03,  -183.478E-03,   6.87279E-03,   762.332E-06
C:/temp/dataset/7/12_4.odb,Step-1,Increment      1: Step Time =    1.000,"PART-1-1",           565,       10.6612,      -8.65022,            0.,NA,NA,"",   330.451E-03,  -330.330E-03,  -8.92861E-03,   332.281E-06
C:/temp/dataset/7/12_4.odb,Step-1,Increment      1: Step Time =    1.000,"PART-1-1",           566,       9.47894,      -7.81405,            0.,NA,NA,"",   362.044E-03,  -358.469E-03,  -50.7511E-03,   2.44520E-03
C:/temp/dataset/7/12_4.odb,Step-1,Increment      1: Step Time =    1.000,"PART-1-1",           567,       11.3640,      -18.5194,            0.,NA,NA,"",   87.1638E-03,  -86.7675E-03,   8.30267E-03,   999.474E-06
C:/temp/dataset/7/12_4.odb,Step-1,Increment      1: Step Time =    1.000,"PART-1-1",           568,       12.0025,       20.7886,            0.,NA,NA,"",       2.09698,      -2.09639,   49.4517E-03,   3.83100E-03
C:/temp/dataset/7/12_4.odb,Step-1,Increment      1: Step Time =    1.000,"PART-1-1",           569,       11.4947,       18.6594,            0.,NA,NA,"",       1.90868,      -1.90865,   10.3512E-03,   2.81151E-03
C:/temp/dataset/7/12_4.odb,Step-1,Increment      1: Step Time =    1.000,"PART-1-1",           570,       9.39315,       18.1618,            0.,NA,NA,"",       1.86488,      -1.85799,  -160.128E-03,   1.79653E-03
C:/temp/dataset/7/12_4.odb,Step-1,Increment      1: Step Time =    1.000,"PART-1-1",           571,       10.9214,       17.4088,            0.,NA,NA,"",       1.80248,      -1.80216,  -33.7743E-03,   1.32787E-03
C:/temp/dataset/7/12_4.odb,Step-1,Increment      1: Step Time =    1.000,"PART-1-1",           572,      -9.97500,           20.,            0.,NA,NA,"",       2.81799,      -1.89445,      -2.08618,   107.685E-06
C:/temp/dataset/7/12_4.odb,Step-1,Increment      1: Step Time =    1.000,"PART-1-1",           573,       11.9818,      -2.09472,            0.,NA,NA,"",   587.706E-03,  -586.034E-03,   44.2998E-03,   2.47675E-03
C:/temp/dataset/7/12_4.odb,Step-1,Increment      1: Step Time =    1.000,"PART-1-1",           574,       12.0426,   313.093E-03,            0.,NA,NA,"",   700.526E-03,  -698.736E-03,   50.0455E-03,   2.64407E-03
C:/temp/dataset/7/12_4.odb,Step-1,Increment      1: Step Time =    1.000,"PART-1-1",           575,       12.1686,      -14.9632,            0.,NA,NA,"",   159.684E-03,  -157.005E-03,   29.1272E-03,   2.50678E-03
C:/temp/dataset/7/12_4.odb,Step-1,Increment      1: Step Time =    1.000,"PART-1-1",           576,       12.0880,      -12.5178,            0.,NA,NA,"",   219.048E-03,  -216.728E-03,   31.7978E-03,   2.43197E-03
C:/temp/dataset/7/12_4.odb,Step-1,Increment      1: Step Time =    1.000,"PART-1-1",           577,       12.0767,       2.70437,            0.,NA,NA,"",   822.806E-03,  -821.002E-03,   54.4679E-03,   2.75657E-03
C:/temp/dataset/7/12_4.odb,Step-1,Increment      1: Step Time =    1.000,"PART-1-1",           578,       11.6617,       14.7036,            0.,NA,NA,"",       1.59272,      -1.59246,   28.5777E-03,   2.08490E-03
C:/temp/dataset/7/12_4.odb,Step-1,Increment      1: Step Time =    1.000,"PART-1-1",           579,       11.9561,       12.2406,            0.,NA,NA,"",       1.41367,      -1.41273,   51.5847E-03,   2.62563E-03
C:/temp/dataset/7/12_4.odb,Step-1,Increment      1: Step Time =    1.000,"PART-1-1",           580,       12.3155,      -19.7087,            0.,NA,NA,"",   72.3597E-03,  -68.9711E-03,   21.8841E-03,   2.61345E-03
C:/temp/dataset/7/12_4.odb,Step-1,Increment      1: Step Time =    1.000,"PART-1-1",           581,       12.3404,      -21.7879,            0.,NA,NA,"",   45.2442E-03,  -41.6837E-03,   17.5927E-03,   2.54946E-03
C:/temp/dataset/7/12_4.odb,Step-1,Increment      1: Step Time =    1.000,"PART-1-1",           582,       12.2327,      -17.3977,            0.,NA,NA,"",   110.276E-03,  -107.294E-03,   25.4713E-03,   2.54221E-03
C:/temp/dataset/7/12_4.odb,Step-1,Increment      1: Step Time =    1.000,"PART-1-1",           583,       12.1020,       5.09402,            0.,NA,NA,"",   955.388E-03,  -953.614E-03,   58.2057E-03,   2.84716E-03
C:/temp/dataset/7/12_4.odb,Step-1,Increment      1: Step Time =    1.000,"PART-1-1",           584,       12.0630,       9.85139,            0.,NA,NA,"",       1.25018,      -1.24880,   58.7345E-03,   2.82478E-03
C:/temp/dataset/7/12_4.odb,Step-1,Increment      1: Step Time =    1.000,"PART-1-1",           585,       12.0921,       7.47372,            0.,NA,NA,"",       1.09765,      -1.09604,   59.4478E-03,   2.85969E-03
C:/temp/dataset/7/12_4.odb,Step-1,Increment      1: Step Time =    1.000,"PART-1-1",           586,       11.9146,      -10.0225,            0.,NA,NA,"",   289.505E-03,  -287.851E-03,   30.9025E-03,   2.17786E-03
C:/temp/dataset/7/12_4.odb,Step-1,Increment      1: Step Time =    1.000,"PART-1-1",           587,       11.5993,      -7.26023,            0.,NA,NA,"",   379.501E-03,  -378.768E-03,   23.5751E-03,   1.63509E-03
C:/temp/dataset/7/12_4.odb,Step-1,Increment      1: Step Time =    1.000,"PART-1-1",           588,       11.8707,      -4.56496,            0.,NA,NA,"",   482.509E-03,  -481.119E-03,   36.6077E-03,   2.21064E-03
C:/temp/dataset/7/12_4.odb,Step-1,Increment      1: Step Time =    1.000,"PART-1-1",           589,      -3.86001,       22.4330,            0.,NA,NA,"",       2.62861,      -2.16825,      -1.48602,   675.244E-06
C:/temp/dataset/7/12_4.odb,Step-1,Increment      1: Step Time =    1.000,"PART-1-1",           590,       3.35000,           20.,            0.,NA,NA,"",       2.10471,      -1.97131,  -737.387E-03,   7.35320E-03
C:/temp/dataset/7/12_4.odb,Step-1,Increment      1: Step Time =    1.000,"PART-1-1",           591,       5.05511,       21.0689,            0.,NA,NA,"",       2.16590,      -2.09185,  -561.506E-03,   8.76000E-03
C:/temp/dataset/7/12_4.odb,Step-1,Increment      1: Step Time =    1.000,"PART-1-1",           592,       2.31373,       21.3921,            0.,NA,NA,"",       2.26765,      -2.10235,  -849.914E-03,   3.30906E-03
C:/temp/dataset/7/12_4.odb,Step-1,Increment      1: Step Time =    1.000,"PART-1-1",           593,      -1.98632,       21.3170,            0.,NA,NA,"",       2.43628,      -2.06634,      -1.29061,   735.956E-06
C:/temp/dataset/7/12_4.odb,Step-1,Increment      1: Step Time =    1.000,"PART-1-1",           594,   25.0000E-03,           20.,            0.,NA,NA,"",       2.22413,      -1.94464,      -1.07941,   1.01106E-03
C:/temp/dataset/7/12_4.odb,Step-1,Increment      1: Step Time =    1.000,"PART-1-1",           595,   933.640E-03,       21.1186,            0.,NA,NA,"",       2.29024,      -2.06452,  -991.456E-03,   2.48301E-03
C:/temp/dataset/7/12_4.odb,Step-1,Increment      1: Step Time =    1.000,"PART-1-1",           596,       7.16521,       20.7144,            0.,NA,NA,"",       2.09890,      -2.06712,  -363.818E-03,   4.72171E-03
C:/temp/dataset/7/12_4.odb,Step-1,Increment      1: Step Time =    1.000,"PART-1-1",           597,       8.15837,       19.5039,            0.,NA,NA,"",       1.98452,      -1.96604,  -270.150E-03,   3.19835E-03
C:/temp/dataset/7/12_4.odb,Step-1,Increment      1: Step Time =    1.000,"PART-1-1",           598,      -3.32500,           20.,            0.,NA,NA,"",       2.39298,      -1.92645,      -1.41956,   68.6246E-06
