ODB Name,Step,Frame,Part Instance Name,    êﬂì_ÉâÉxÉã,X,Y,Z,Section Name,Material Name,Section Point,   U-Magnitude,          U-U1,          U-U2,       S-Mises
C:/temp/dataset/8/8_16.odb,Step-1,Increment      1: Step Time =    1.000,"PART-1-1",             1,            5.,           -5.,            0.,NA,NA,"",   239.529E-03,   124.312E-03,  -204.745E-03,   9.11455E-03
C:/temp/dataset/8/8_16.odb,Step-1,Increment      1: Step Time =    1.000,"PART-1-1",             2,            0.,           -5.,            0.,NA,NA,"",   188.865E-03,   109.518E-03,  -153.870E-03,   1.94101E-03
C:/temp/dataset/8/8_16.odb,Step-1,Increment      1: Step Time =    1.000,"PART-1-1",             3,            5.,         -12.5,            0.,NA,NA,"",   147.467E-03,   64.6081E-03,  -132.561E-03,   10.5360E-03
C:/temp/dataset/8/8_16.odb,Step-1,Increment      1: Step Time =    1.000,"PART-1-1",             4,            5.,          -20.,            0.,NA,NA,"",   56.0160E-03,   23.4688E-03,  -50.8626E-03,   12.0689E-03
C:/temp/dataset/8/8_16.odb,Step-1,Increment      1: Step Time =    1.000,"PART-1-1",             5,            0.,          -20.,            0.,NA,NA,"",   10.7331E-03,   9.37306E-03,  -5.22929E-03,   2.70998E-03
C:/temp/dataset/8/8_16.odb,Step-1,Increment      1: Step Time =    1.000,"PART-1-1",             6,           -5.,          -20.,            0.,NA,NA,"",   9.17627E-03,   3.76448E-03,  -8.36855E-03,   3.70559E-03
C:/temp/dataset/8/8_16.odb,Step-1,Increment      1: Step Time =    1.000,"PART-1-1",             7,           -5.,           -5.,            0.,NA,NA,"",   126.688E-03,   108.359E-03,  -65.6368E-03,   5.07653E-03
C:/temp/dataset/8/8_16.odb,Step-1,Increment      1: Step Time =    1.000,"PART-1-1",             8,            5.,           20.,            0.,NA,NA,"",   684.701E-03,   565.478E-03,  -386.071E-03,   6.62562E-03
C:/temp/dataset/8/8_16.odb,Step-1,Increment      1: Step Time =    1.000,"PART-1-1",             9,            0.,           20.,            0.,NA,NA,"",   623.831E-03,   568.071E-03,  -257.798E-03,   1.23979E-03
C:/temp/dataset/8/8_16.odb,Step-1,Increment      1: Step Time =    1.000,"PART-1-1",            10,            5.,          12.5,            0.,NA,NA,"",   511.226E-03,   391.588E-03,  -328.649E-03,   8.52453E-03
C:/temp/dataset/8/8_16.odb,Step-1,Increment      1: Step Time =    1.000,"PART-1-1",            11,            5.,            5.,            0.,NA,NA,"",   369.120E-03,   263.624E-03,  -258.364E-03,   11.0941E-03
C:/temp/dataset/8/8_16.odb,Step-1,Increment      1: Step Time =    1.000,"PART-1-1",            12,            0.,            5.,            0.,NA,NA,"",   302.695E-03,   260.321E-03,  -154.457E-03,   729.454E-06
C:/temp/dataset/8/8_16.odb,Step-1,Increment      1: Step Time =    1.000,"PART-1-1",            13,           -5.,            5.,            0.,NA,NA,"",   273.730E-03,   261.026E-03,  -82.4221E-03,   3.35278E-03
C:/temp/dataset/8/8_16.odb,Step-1,Increment      1: Step Time =    1.000,"PART-1-1",            14,           -5.,           20.,            0.,NA,NA,"",   590.283E-03,   578.126E-03,  -119.181E-03,   2.54144E-03
C:/temp/dataset/8/8_16.odb,Step-1,Increment      1: Step Time =    1.000,"PART-1-1",            15,           15.,           30.,            0.,NA,NA,"",       1.22517,   917.369E-03,  -812.081E-03,   15.8907E-03
C:/temp/dataset/8/8_16.odb,Step-1,Increment      1: Step Time =    1.000,"PART-1-1",            16,           7.5,           30.,            0.,NA,NA,"",       1.03153,   885.986E-03,  -528.276E-03,   9.79854E-03
C:/temp/dataset/8/8_16.odb,Step-1,Increment      1: Step Time =    1.000,"PART-1-1",            17,            0.,           30.,            0.,NA,NA,"",   890.910E-03,   851.676E-03,  -261.473E-03,   3.24028E-03
C:/temp/dataset/8/8_16.odb,Step-1,Increment      1: Step Time =    1.000,"PART-1-1",            18,          -15.,           30.,            0.,NA,NA,"",   848.283E-03,   839.159E-03,   124.080E-03,   40.8950E-06
C:/temp/dataset/8/8_16.odb,Step-1,Increment      1: Step Time =    1.000,"PART-1-1",            19,          -15.,          -30.,            0.,NA,NA,"",            0.,   185.675E-42,   454.793E-42,   852.584E-06
C:/temp/dataset/8/8_16.odb,Step-1,Increment      1: Step Time =    1.000,"PART-1-1",            20,           15.,          -30.,            0.,NA,NA,"",            0.,   6.62216E-39,  -11.1112E-39,   21.1685E-03
C:/temp/dataset/8/8_16.odb,Step-1,Increment      1: Step Time =    1.000,"PART-1-1",            21,           15.,      -20.1000,            0.,NA,NA,"",   139.125E-03,   69.1387E-03,  -120.729E-03,   12.6015E-03
C:/temp/dataset/8/8_16.odb,Step-1,Increment      1: Step Time =    1.000,"PART-1-1",            22,           15.,      -10.0500,            0.,NA,NA,"",   272.067E-03,   134.629E-03,  -236.423E-03,   13.4717E-03
C:/temp/dataset/8/8_16.odb,Step-1,Increment      1: Step Time =    1.000,"PART-1-1",            23,           15.,            0.,            0.,NA,NA,"",   436.129E-03,   232.752E-03,  -368.829E-03,   15.3447E-03
C:/temp/dataset/8/8_16.odb,Step-1,Increment      1: Step Time =    1.000,"PART-1-1",            24,           15.,       9.90000,            0.,NA,NA,"",   638.870E-03,   393.833E-03,  -503.040E-03,   15.0329E-03
C:/temp/dataset/8/8_16.odb,Step-1,Increment      1: Step Time =    1.000,"PART-1-1",            25,           15.,       19.9500,            0.,NA,NA,"",   892.746E-03,   611.270E-03,  -650.650E-03,   17.3117E-03
C:/temp/dataset/8/8_16.odb,Step-1,Increment      1: Step Time =    1.000,"PART-1-1",            26,           2.5,           -5.,            0.,NA,NA,"",   221.438E-03,   115.025E-03,  -189.219E-03,   3.78620E-03
C:/temp/dataset/8/8_16.odb,Step-1,Increment      1: Step Time =    1.000,"PART-1-1",            27,            5.,          -10.,            0.,NA,NA,"",   176.404E-03,   82.4322E-03,  -155.959E-03,   10.1001E-03
C:/temp/dataset/8/8_16.odb,Step-1,Increment      1: Step Time =    1.000,"PART-1-1",            28,            5.,          -7.5,            0.,NA,NA,"",   205.844E-03,   102.696E-03,  -178.397E-03,   10.5261E-03
C:/temp/dataset/8/8_16.odb,Step-1,Increment      1: Step Time =    1.000,"PART-1-1",            29,            5.,         -17.5,            0.,NA,NA,"",   90.7916E-03,   34.7657E-03,  -83.8717E-03,   11.9604E-03
C:/temp/dataset/8/8_16.odb,Step-1,Increment      1: Step Time =    1.000,"PART-1-1",            30,            5.,          -15.,            0.,NA,NA,"",   118.810E-03,   48.5861E-03,  -108.422E-03,   10.8340E-03
C:/temp/dataset/8/8_16.odb,Step-1,Increment      1: Step Time =    1.000,"PART-1-1",            31,           2.5,          -20.,            0.,NA,NA,"",   22.9818E-03,   16.7394E-03,  -15.7466E-03,   4.10805E-03
C:/temp/dataset/8/8_16.odb,Step-1,Increment      1: Step Time =    1.000,"PART-1-1",            32,          -2.5,          -20.,            0.,NA,NA,"",   5.68356E-03,   4.75242E-03,  -3.11726E-03,   1.35503E-03
C:/temp/dataset/8/8_16.odb,Step-1,Increment      1: Step Time =    1.000,"PART-1-1",            33,           -5.,          -7.5,            0.,NA,NA,"",   98.0342E-03,   82.8086E-03,  -52.4732E-03,   4.48544E-03
C:/temp/dataset/8/8_16.odb,Step-1,Increment      1: Step Time =    1.000,"PART-1-1",            34,           -5.,          -10.,            0.,NA,NA,"",   73.9601E-03,   59.7856E-03,  -43.5406E-03,   3.90869E-03
C:/temp/dataset/8/8_16.odb,Step-1,Increment      1: Step Time =    1.000,"PART-1-1",            35,           -5.,         -12.5,            0.,NA,NA,"",   53.2710E-03,   40.3901E-03,  -34.7339E-03,   3.80448E-03
C:/temp/dataset/8/8_16.odb,Step-1,Increment      1: Step Time =    1.000,"PART-1-1",            36,           -5.,          -15.,            0.,NA,NA,"",   36.2054E-03,   24.8414E-03,  -26.3389E-03,   3.60459E-03
C:/temp/dataset/8/8_16.odb,Step-1,Increment      1: Step Time =    1.000,"PART-1-1",            37,           -5.,         -17.5,            0.,NA,NA,"",   22.4394E-03,   12.8122E-03,  -18.4222E-03,   3.85427E-03
C:/temp/dataset/8/8_16.odb,Step-1,Increment      1: Step Time =    1.000,"PART-1-1",            38,          -2.5,           -5.,            0.,NA,NA,"",   155.476E-03,   106.845E-03,  -112.946E-03,   995.178E-06
C:/temp/dataset/8/8_16.odb,Step-1,Increment      1: Step Time =    1.000,"PART-1-1",            39,           2.5,           20.,            0.,NA,NA,"",   653.226E-03,   565.253E-03,  -327.404E-03,   1.65634E-03
C:/temp/dataset/8/8_16.odb,Step-1,Increment      1: Step Time =    1.000,"PART-1-1",            40,            5.,           15.,            0.,NA,NA,"",   563.849E-03,   443.883E-03,  -347.699E-03,   7.93210E-03
C:/temp/dataset/8/8_16.odb,Step-1,Increment      1: Step Time =    1.000,"PART-1-1",            41,            5.,          17.5,            0.,NA,NA,"",   620.544E-03,   501.415E-03,  -365.592E-03,   8.05055E-03
C:/temp/dataset/8/8_16.odb,Step-1,Increment      1: Step Time =    1.000,"PART-1-1",            42,            5.,           7.5,            0.,NA,NA,"",   416.240E-03,   300.781E-03,  -287.726E-03,   10.3131E-03
C:/temp/dataset/8/8_16.odb,Step-1,Increment      1: Step Time =    1.000,"PART-1-1",            43,            5.,           10.,            0.,NA,NA,"",   461.881E-03,   343.779E-03,  -308.463E-03,   8.95726E-03
C:/temp/dataset/8/8_16.odb,Step-1,Increment      1: Step Time =    1.000,"PART-1-1",            44,           2.5,            5.,            0.,NA,NA,"",   328.283E-03,   262.205E-03,  -197.530E-03,   2.44188E-03
C:/temp/dataset/8/8_16.odb,Step-1,Increment      1: Step Time =    1.000,"PART-1-1",            45,          -2.5,            5.,            0.,NA,NA,"",   284.456E-03,   259.770E-03,  -115.907E-03,   635.316E-06
C:/temp/dataset/8/8_16.odb,Step-1,Increment      1: Step Time =    1.000,"PART-1-1",            46,           -5.,          17.5,            0.,NA,NA,"",   533.515E-03,   521.279E-03,  -113.605E-03,   2.04432E-03
C:/temp/dataset/8/8_16.odb,Step-1,Increment      1: Step Time =    1.000,"PART-1-1",            47,           -5.,           15.,            0.,NA,NA,"",   477.105E-03,   464.546E-03,  -108.748E-03,   2.00612E-03
C:/temp/dataset/8/8_16.odb,Step-1,Increment      1: Step Time =    1.000,"PART-1-1",            48,           -5.,          12.5,            0.,NA,NA,"",   422.752E-03,   409.932E-03,  -103.323E-03,   2.28254E-03
C:/temp/dataset/8/8_16.odb,Step-1,Increment      1: Step Time =    1.000,"PART-1-1",            49,           -5.,           10.,            0.,NA,NA,"",   370.863E-03,   357.833E-03,  -97.4403E-03,   2.44471E-03
C:/temp/dataset/8/8_16.odb,Step-1,Increment      1: Step Time =    1.000,"PART-1-1",            50,           -5.,           7.5,            0.,NA,NA,"",   321.580E-03,   308.381E-03,  -91.1883E-03,   3.00915E-03
C:/temp/dataset/8/8_16.odb,Step-1,Increment      1: Step Time =    1.000,"PART-1-1",            51,          -2.5,           20.,            0.,NA,NA,"",   602.586E-03,   572.347E-03,  -188.489E-03,   1.93687E-03
C:/temp/dataset/8/8_16.odb,Step-1,Increment      1: Step Time =    1.000,"PART-1-1",            52,          12.5,           30.,            0.,NA,NA,"",       1.15893,   901.532E-03,  -728.252E-03,   15.3946E-03
C:/temp/dataset/8/8_16.odb,Step-1,Increment      1: Step Time =    1.000,"PART-1-1",            53,           10.,           30.,            0.,NA,NA,"",       1.09663,   889.790E-03,  -640.989E-03,   16.1834E-03
C:/temp/dataset/8/8_16.odb,Step-1,Increment      1: Step Time =    1.000,"PART-1-1",            54,            5.,           30.,            0.,NA,NA,"",   964.394E-03,   869.920E-03,  -416.287E-03,   6.88542E-03
C:/temp/dataset/8/8_16.odb,Step-1,Increment      1: Step Time =    1.000,"PART-1-1",            55,           2.5,           30.,            0.,NA,NA,"",   922.246E-03,   859.463E-03,  -334.456E-03,   4.58347E-03
C:/temp/dataset/8/8_16.odb,Step-1,Increment      1: Step Time =    1.000,"PART-1-1",            56,          -2.5,           30.,            0.,NA,NA,"",   868.098E-03,   846.394E-03,  -192.900E-03,   2.43124E-03
C:/temp/dataset/8/8_16.odb,Step-1,Increment      1: Step Time =    1.000,"PART-1-1",            57,           -5.,           30.,            0.,NA,NA,"",   851.869E-03,   842.341E-03,  -127.054E-03,   1.85435E-03
C:/temp/dataset/8/8_16.odb,Step-1,Increment      1: Step Time =    1.000,"PART-1-1",            58,          -7.5,           30.,            0.,NA,NA,"",   841.989E-03,   839.601E-03,  -63.3596E-03,   1.26436E-03
C:/temp/dataset/8/8_16.odb,Step-1,Increment      1: Step Time =    1.000,"PART-1-1",            59,          -10.,           30.,            0.,NA,NA,"",   838.281E-03,   838.280E-03,  -960.733E-06,   592.089E-06
C:/temp/dataset/8/8_16.odb,Step-1,Increment      1: Step Time =    1.000,"PART-1-1",            60,         -12.5,           30.,            0.,NA,NA,"",   840.596E-03,   838.362E-03,   61.2480E-03,   95.3462E-06
C:/temp/dataset/8/8_16.odb,Step-1,Increment      1: Step Time =    1.000,"PART-1-1",            61,          -15.,          27.5,            0.,NA,NA,"",   785.901E-03,   775.915E-03,   124.881E-03,   99.5082E-06
C:/temp/dataset/8/8_16.odb,Step-1,Increment      1: Step Time =    1.000,"PART-1-1",            62,          -15.,           25.,            0.,NA,NA,"",   722.912E-03,   712.027E-03,   124.981E-03,   615.729E-06
C:/temp/dataset/8/8_16.odb,Step-1,Increment      1: Step Time =    1.000,"PART-1-1",            63,          -15.,          22.5,            0.,NA,NA,"",   659.999E-03,   648.299E-03,   123.720E-03,   1.25982E-03
C:/temp/dataset/8/8_16.odb,Step-1,Increment      1: Step Time =    1.000,"PART-1-1",            64,          -15.,           20.,            0.,NA,NA,"",   598.221E-03,   585.859E-03,   120.984E-03,   1.81685E-03
C:/temp/dataset/8/8_16.odb,Step-1,Increment      1: Step Time =    1.000,"PART-1-1",            65,          -15.,          17.5,            0.,NA,NA,"",   538.480E-03,   525.583E-03,   117.145E-03,   2.19647E-03
C:/temp/dataset/8/8_16.odb,Step-1,Increment      1: Step Time =    1.000,"PART-1-1",            66,          -15.,           15.,            0.,NA,NA,"",   481.227E-03,   467.874E-03,   112.580E-03,   2.44031E-03
C:/temp/dataset/8/8_16.odb,Step-1,Increment      1: Step Time =    1.000,"PART-1-1",            67,          -15.,          12.5,            0.,NA,NA,"",   426.643E-03,   412.883E-03,   107.479E-03,   2.63792E-03
C:/temp/dataset/8/8_16.odb,Step-1,Increment      1: Step Time =    1.000,"PART-1-1",            68,          -15.,           10.,            0.,NA,NA,"",   374.883E-03,   360.772E-03,   101.886E-03,   2.82126E-03
C:/temp/dataset/8/8_16.odb,Step-1,Increment      1: Step Time =    1.000,"PART-1-1",            69,          -15.,           7.5,            0.,NA,NA,"",   326.178E-03,   311.774E-03,   95.8599E-03,   2.93828E-03
C:/temp/dataset/8/8_16.odb,Step-1,Increment      1: Step Time =    1.000,"PART-1-1",            70,          -15.,            5.,            0.,NA,NA,"",   280.728E-03,   266.048E-03,   89.5922E-03,   2.97474E-03
C:/temp/dataset/8/8_16.odb,Step-1,Increment      1: Step Time =    1.000,"PART-1-1",            71,          -15.,           2.5,            0.,NA,NA,"",   238.515E-03,   223.491E-03,   83.3136E-03,   2.93923E-03
C:/temp/dataset/8/8_16.odb,Step-1,Increment      1: Step Time =    1.000,"PART-1-1",            72,          -15.,            0.,            0.,NA,NA,"",   199.257E-03,   183.790E-03,   76.9706E-03,   3.02566E-03
C:/temp/dataset/8/8_16.odb,Step-1,Increment      1: Step Time =    1.000,"PART-1-1",            73,          -15.,          -2.5,            0.,NA,NA,"",   162.858E-03,   146.966E-03,   70.1695E-03,   3.30279E-03
C:/temp/dataset/8/8_16.odb,Step-1,Increment      1: Step Time =    1.000,"PART-1-1",            74,          -15.,           -5.,            0.,NA,NA,"",   129.728E-03,   113.601E-03,   62.6443E-03,   3.62886E-03
C:/temp/dataset/8/8_16.odb,Step-1,Increment      1: Step Time =    1.000,"PART-1-1",            75,          -15.,          -7.5,            0.,NA,NA,"",   100.547E-03,   84.5346E-03,   54.4381E-03,   3.76395E-03
C:/temp/dataset/8/8_16.odb,Step-1,Increment      1: Step Time =    1.000,"PART-1-1",            76,          -15.,          -10.,            0.,NA,NA,"",   75.7169E-03,   60.1097E-03,   46.0420E-03,   3.75088E-03
C:/temp/dataset/8/8_16.odb,Step-1,Increment      1: Step Time =    1.000,"PART-1-1",            77,          -15.,         -12.5,            0.,NA,NA,"",   55.2689E-03,   40.2740E-03,   37.8505E-03,   3.61052E-03
C:/temp/dataset/8/8_16.odb,Step-1,Increment      1: Step Time =    1.000,"PART-1-1",            78,          -15.,          -15.,            0.,NA,NA,"",   38.9108E-03,   24.7893E-03,   29.9923E-03,   3.41895E-03
C:/temp/dataset/8/8_16.odb,Step-1,Increment      1: Step Time =    1.000,"PART-1-1",            79,          -15.,         -17.5,            0.,NA,NA,"",   26.3021E-03,   13.4522E-03,   22.6018E-03,   3.15336E-03
C:/temp/dataset/8/8_16.odb,Step-1,Increment      1: Step Time =    1.000,"PART-1-1",            80,          -15.,          -20.,            0.,NA,NA,"",   16.9933E-03,   5.96849E-03,   15.9107E-03,   2.77021E-03
C:/temp/dataset/8/8_16.odb,Step-1,Increment      1: Step Time =    1.000,"PART-1-1",            81,          -15.,         -22.5,            0.,NA,NA,"",   10.3708E-03,   1.76761E-03,   10.2190E-03,   2.28520E-03
C:/temp/dataset/8/8_16.odb,Step-1,Increment      1: Step Time =    1.000,"PART-1-1",            82,          -15.,          -25.,            0.,NA,NA,"",   5.65233E-03,   24.5232E-06,   5.65228E-03,   1.79619E-03
C:/temp/dataset/8/8_16.odb,Step-1,Increment      1: Step Time =    1.000,"PART-1-1",            83,          -15.,         -27.5,            0.,NA,NA,"",   2.21059E-03,  -88.6926E-06,   2.20881E-03,   1.34087E-03
C:/temp/dataset/8/8_16.odb,Step-1,Increment      1: Step Time =    1.000,"PART-1-1",            84,         -12.5,          -30.,            0.,NA,NA,"",            0.,  -1.11636E-39,   2.72182E-39,   841.243E-06
C:/temp/dataset/8/8_16.odb,Step-1,Increment      1: Step Time =    1.000,"PART-1-1",            85,          -10.,          -30.,            0.,NA,NA,"",            0.,  -706.500E-42,  -25.9170E-42,   774.152E-06
C:/temp/dataset/8/8_16.odb,Step-1,Increment      1: Step Time =    1.000,"PART-1-1",            86,          -7.5,          -30.,            0.,NA,NA,"",            0.,  -958.820E-42,   55.5993E-42,   760.345E-06
C:/temp/dataset/8/8_16.odb,Step-1,Increment      1: Step Time =    1.000,"PART-1-1",            87,           -5.,          -30.,            0.,NA,NA,"",            0.,  -1.45991E-39,  -1.95345E-39,   890.958E-06
C:/temp/dataset/8/8_16.odb,Step-1,Increment      1: Step Time =    1.000,"PART-1-1",            88,          -2.5,          -30.,            0.,NA,NA,"",            0.,  -2.27415E-39,  -3.22243E-39,   1.31750E-03
C:/temp/dataset/8/8_16.odb,Step-1,Increment      1: Step Time =    1.000,"PART-1-1",            89,            0.,          -30.,            0.,NA,NA,"",            0.,  -794.371E-42,  -2.68723E-39,   2.22010E-03
C:/temp/dataset/8/8_16.odb,Step-1,Increment      1: Step Time =    1.000,"PART-1-1",            90,           2.5,          -30.,            0.,NA,NA,"",            0.,  -6.71611E-39,  -9.77543E-39,   3.51852E-03
C:/temp/dataset/8/8_16.odb,Step-1,Increment      1: Step Time =    1.000,"PART-1-1",            91,            5.,          -30.,            0.,NA,NA,"",            0.,   456.537E-42,  -12.8456E-39,   4.99549E-03
C:/temp/dataset/8/8_16.odb,Step-1,Increment      1: Step Time =    1.000,"PART-1-1",            92,           7.5,          -30.,            0.,NA,NA,"",            0.,  -7.01250E-39,  -17.7775E-39,   6.55874E-03
C:/temp/dataset/8/8_16.odb,Step-1,Increment      1: Step Time =    1.000,"PART-1-1",            93,           10.,          -30.,            0.,NA,NA,"",            0.,   6.68201E-39,  -26.0247E-39,   8.32187E-03
C:/temp/dataset/8/8_16.odb,Step-1,Increment      1: Step Time =    1.000,"PART-1-1",            94,          12.5,          -30.,            0.,NA,NA,"",            0.,   3.95059E-39,  -25.9441E-39,   9.32235E-03
C:/temp/dataset/8/8_16.odb,Step-1,Increment      1: Step Time =    1.000,"PART-1-1",            95,           15.,      -27.5250,            0.,NA,NA,"",   44.6236E-03,   27.1363E-03,  -35.4244E-03,   14.4566E-03
C:/temp/dataset/8/8_16.odb,Step-1,Increment      1: Step Time =    1.000,"PART-1-1",            96,           15.,      -25.0500,            0.,NA,NA,"",   75.9119E-03,   41.4106E-03,  -63.6222E-03,   12.8610E-03
C:/temp/dataset/8/8_16.odb,Step-1,Increment      1: Step Time =    1.000,"PART-1-1",            97,           15.,      -22.5750,            0.,NA,NA,"",   107.364E-03,   54.7928E-03,  -92.3298E-03,   12.8848E-03
C:/temp/dataset/8/8_16.odb,Step-1,Increment      1: Step Time =    1.000,"PART-1-1",            98,           15.,      -17.5875,            0.,NA,NA,"",   171.365E-03,   84.5675E-03,  -149.044E-03,   12.5374E-03
C:/temp/dataset/8/8_16.odb,Step-1,Increment      1: Step Time =    1.000,"PART-1-1",            99,           15.,      -15.0750,            0.,NA,NA,"",   203.889E-03,   100.448E-03,  -177.429E-03,   12.6751E-03
C:/temp/dataset/8/8_16.odb,Step-1,Increment      1: Step Time =    1.000,"PART-1-1",           100,           15.,      -12.5625,            0.,NA,NA,"",   237.289E-03,   116.956E-03,  -206.464E-03,   13.0247E-03
C:/temp/dataset/8/8_16.odb,Step-1,Increment      1: Step Time =    1.000,"PART-1-1",           101,           15.,      -7.53750,            0.,NA,NA,"",   308.716E-03,   154.058E-03,  -267.528E-03,   14.0351E-03
C:/temp/dataset/8/8_16.odb,Step-1,Increment      1: Step Time =    1.000,"PART-1-1",           102,           15.,      -5.02500,            0.,NA,NA,"",   347.928E-03,   176.099E-03,  -300.072E-03,   14.6841E-03
C:/temp/dataset/8/8_16.odb,Step-1,Increment      1: Step Time =    1.000,"PART-1-1",           103,           15.,      -2.51250,            0.,NA,NA,"",   390.333E-03,   201.971E-03,  -334.018E-03,   15.2213E-03
C:/temp/dataset/8/8_16.odb,Step-1,Increment      1: Step Time =    1.000,"PART-1-1",           104,           15.,       2.47500,            0.,NA,NA,"",   483.958E-03,   267.973E-03,  -402.995E-03,   15.0985E-03
C:/temp/dataset/8/8_16.odb,Step-1,Increment      1: Step Time =    1.000,"PART-1-1",           105,           15.,       4.95000,            0.,NA,NA,"",   533.759E-03,   307.179E-03,  -436.508E-03,   14.7841E-03
C:/temp/dataset/8/8_16.odb,Step-1,Increment      1: Step Time =    1.000,"PART-1-1",           106,           15.,       7.42500,            0.,NA,NA,"",   585.243E-03,   349.270E-03,  -469.595E-03,   14.7315E-03
C:/temp/dataset/8/8_16.odb,Step-1,Increment      1: Step Time =    1.000,"PART-1-1",           107,           15.,       12.4125,            0.,NA,NA,"",   696.293E-03,   442.027E-03,  -537.992E-03,   15.5220E-03
C:/temp/dataset/8/8_16.odb,Step-1,Increment      1: Step Time =    1.000,"PART-1-1",           108,           15.,       14.9250,            0.,NA,NA,"",   757.360E-03,   493.910E-03,  -574.148E-03,   16.0596E-03
C:/temp/dataset/8/8_16.odb,Step-1,Increment      1: Step Time =    1.000,"PART-1-1",           109,           15.,       17.4375,            0.,NA,NA,"",   822.623E-03,   550.099E-03,  -611.637E-03,   16.6375E-03
C:/temp/dataset/8/8_16.odb,Step-1,Increment      1: Step Time =    1.000,"PART-1-1",           110,           15.,       22.4625,            0.,NA,NA,"",   968.589E-03,   678.389E-03,  -691.342E-03,   17.9625E-03
C:/temp/dataset/8/8_16.odb,Step-1,Increment      1: Step Time =    1.000,"PART-1-1",           111,           15.,       24.9750,            0.,NA,NA,"",       1.05081,   752.702E-03,  -733.237E-03,   18.0180E-03
C:/temp/dataset/8/8_16.odb,Step-1,Increment      1: Step Time =    1.000,"PART-1-1",           112,           15.,       27.4875,            0.,NA,NA,"",       1.13787,   833.914E-03,  -774.169E-03,   16.7663E-03
C:/temp/dataset/8/8_16.odb,Step-1,Increment      1: Step Time =    1.000,"PART-1-1",           113,       13.1072,       7.69700,            0.,NA,NA,"",   556.568E-03,   342.166E-03,  -438.965E-03,   13.7071E-03
C:/temp/dataset/8/8_16.odb,Step-1,Increment      1: Step Time =    1.000,"PART-1-1",           114,       12.9209,      -22.7091,            0.,NA,NA,"",   90.0072E-03,   42.1487E-03,  -79.5285E-03,   12.3573E-03
C:/temp/dataset/8/8_16.odb,Step-1,Increment      1: Step Time =    1.000,"PART-1-1",           115,       12.1836,      -25.1316,            0.,NA,NA,"",   54.8593E-03,   24.9730E-03,  -48.8456E-03,   12.4806E-03
C:/temp/dataset/8/8_16.odb,Step-1,Increment      1: Step Time =    1.000,"PART-1-1",           116,       12.5983,   113.555E-03,            0.,NA,NA,"",   402.413E-03,   218.752E-03,  -337.763E-03,   13.4772E-03
C:/temp/dataset/8/8_16.odb,Step-1,Increment      1: Step Time =    1.000,"PART-1-1",           117,       12.7905,       5.42944,            0.,NA,NA,"",   505.232E-03,   301.380E-03,  -405.500E-03,   13.4007E-03
C:/temp/dataset/8/8_16.odb,Step-1,Increment      1: Step Time =    1.000,"PART-1-1",           118,       12.0087,       2.86964,            0.,NA,NA,"",   443.258E-03,   255.387E-03,  -362.292E-03,   12.9625E-03
C:/temp/dataset/8/8_16.odb,Step-1,Increment      1: Step Time =    1.000,"PART-1-1",           119,       6.98133,      -9.77136,            0.,NA,NA,"",   197.207E-03,   93.5022E-03,  -173.632E-03,   10.8928E-03
C:/temp/dataset/8/8_16.odb,Step-1,Increment      1: Step Time =    1.000,"PART-1-1",           120,       7.90844,      -27.9171,            0.,NA,NA,"",   12.3028E-03,  -765.031E-06,  -12.2790E-03,   7.59100E-03
C:/temp/dataset/8/8_16.odb,Step-1,Increment      1: Step Time =    1.000,"PART-1-1",           121,      -2.46872,      -27.6632,            0.,NA,NA,"",   2.66081E-03,  -2.46607E-03,  -999.216E-06,   884.475E-06
C:/temp/dataset/8/8_16.odb,Step-1,Increment      1: Step Time =    1.000,"PART-1-1",           122,      -12.5126,      -12.5666,            0.,NA,NA,"",   41.8095E-03,   36.7628E-03,   19.9131E-03,   1.74778E-03
C:/temp/dataset/8/8_16.odb,Step-1,Increment      1: Step Time =    1.000,"PART-1-1",           123,      -12.5815,       17.4815,            0.,NA,NA,"",   526.170E-03,   522.640E-03,   60.8477E-03,   1.26288E-03
C:/temp/dataset/8/8_16.odb,Step-1,Increment      1: Step Time =    1.000,"PART-1-1",           124,      -2.62887,      -2.48638,            0.,NA,NA,"",   184.351E-03,   146.340E-03,  -112.115E-03,   1.94953E-03
C:/temp/dataset/8/8_16.odb,Step-1,Increment      1: Step Time =    1.000,"PART-1-1",           125,      -2.40475,       2.52951,            0.,NA,NA,"",   250.736E-03,   221.856E-03,  -116.827E-03,   773.685E-06
C:/temp/dataset/8/8_16.odb,Step-1,Increment      1: Step Time =    1.000,"PART-1-1",           126,       2.45017,      -2.57003,            0.,NA,NA,"",   239.830E-03,   144.492E-03,  -191.417E-03,   1.04498E-03
C:/temp/dataset/8/8_16.odb,Step-1,Increment      1: Step Time =    1.000,"PART-1-1",           127,       2.64402,       2.44720,            0.,NA,NA,"",   293.619E-03,   216.964E-03,  -197.835E-03,   2.18852E-03
C:/temp/dataset/8/8_16.odb,Step-1,Increment      1: Step Time =    1.000,"PART-1-1",           128,       7.27469,       27.6230,            0.,NA,NA,"",   934.020E-03,   789.646E-03,  -498.850E-03,   9.82941E-03
C:/temp/dataset/8/8_16.odb,Step-1,Increment      1: Step Time =    1.000,"PART-1-1",           129,       2.48679,       22.6352,            0.,NA,NA,"",   716.416E-03,   637.113E-03,  -327.628E-03,   1.79100E-03
C:/temp/dataset/8/8_16.odb,Step-1,Increment      1: Step Time =    1.000,"PART-1-1",           130,   4.73057E-03,       27.5452,            0.,NA,NA,"",   822.668E-03,   781.084E-03,  -258.244E-03,   1.53904E-03
C:/temp/dataset/8/8_16.odb,Step-1,Increment      1: Step Time =    1.000,"PART-1-1",           131,      -2.67861,       22.9024,            0.,NA,NA,"",   676.878E-03,   651.570E-03,  -183.356E-03,   799.214E-06
C:/temp/dataset/8/8_16.odb,Step-1,Increment      1: Step Time =    1.000,"PART-1-1",           132,      -12.4942,       19.9650,            0.,NA,NA,"",   585.785E-03,   582.644E-03,   60.5761E-03,   1.19707E-03
C:/temp/dataset/8/8_16.odb,Step-1,Increment      1: Step Time =    1.000,"PART-1-1",           133,      -7.56680,       17.4386,            0.,NA,NA,"",   522.159E-03,   519.341E-03,  -54.1720E-03,   856.167E-06
C:/temp/dataset/8/8_16.odb,Step-1,Increment      1: Step Time =    1.000,"PART-1-1",           134,       7.64811,       17.7092,            0.,NA,NA,"",   672.513E-03,   515.482E-03,  -431.918E-03,   9.62883E-03
C:/temp/dataset/8/8_16.odb,Step-1,Increment      1: Step Time =    1.000,"PART-1-1",           135,      -9.58788,      -27.7112,            0.,NA,NA,"",   1.83873E-03,  -1.80726E-03,   338.704E-06,   570.650E-06
C:/temp/dataset/8/8_16.odb,Step-1,Increment      1: Step Time =    1.000,"PART-1-1",           136,       4.77230,      -2.62442,            0.,NA,NA,"",   261.621E-03,   146.178E-03,  -216.974E-03,   5.22850E-03
C:/temp/dataset/8/8_16.odb,Step-1,Increment      1: Step Time =    1.000,"PART-1-1",           137,       7.77605,      -12.2161,            0.,NA,NA,"",   174.923E-03,   80.0332E-03,  -155.541E-03,   11.2090E-03
C:/temp/dataset/8/8_16.odb,Step-1,Increment      1: Step Time =    1.000,"PART-1-1",           138,       7.25866,      -19.5166,            0.,NA,NA,"",   85.7345E-03,   33.8870E-03,  -78.7533E-03,   9.78582E-03
C:/temp/dataset/8/8_16.odb,Step-1,Increment      1: Step Time =    1.000,"PART-1-1",           139,      -4.84221,      -22.7118,            0.,NA,NA,"",   3.72386E-03,   1.43059E-03,  -3.43810E-03,   1.84492E-03
C:/temp/dataset/8/8_16.odb,Step-1,Increment      1: Step Time =    1.000,"PART-1-1",           140,      -12.1835,      -27.1471,            0.,NA,NA,"",   2.34322E-03,  -1.48903E-03,   1.80927E-03,   1.02620E-03
C:/temp/dataset/8/8_16.odb,Step-1,Increment      1: Step Time =    1.000,"PART-1-1",           141,      -12.5060,       10.0400,            0.,NA,NA,"",   362.421E-03,   358.670E-03,   52.0122E-03,   1.49998E-03
C:/temp/dataset/8/8_16.odb,Step-1,Increment      1: Step Time =    1.000,"PART-1-1",           142,      -12.8419,       4.62256,            0.,NA,NA,"",   261.829E-03,   256.791E-03,   51.1159E-03,   1.79975E-03
C:/temp/dataset/8/8_16.odb,Step-1,Increment      1: Step Time =    1.000,"PART-1-1",           143,      -12.8499,  -39.9835E-03,            0.,NA,NA,"",   185.983E-03,   180.609E-03,   44.3883E-03,   1.82390E-03
C:/temp/dataset/8/8_16.odb,Step-1,Increment      1: Step Time =    1.000,"PART-1-1",           144,      -13.3239,      -5.02776,            0.,NA,NA,"",   118.545E-03,   110.881E-03,   41.9320E-03,   2.42984E-03
C:/temp/dataset/8/8_16.odb,Step-1,Increment      1: Step Time =    1.000,"PART-1-1",           145,      -7.45277,      -10.1617,            0.,NA,NA,"",   59.2907E-03,   55.2214E-03,  -21.5866E-03,   2.14874E-03
C:/temp/dataset/8/8_16.odb,Step-1,Increment      1: Step Time =    1.000,"PART-1-1",           146,  -27.8758E-03,      -2.52525,            0.,NA,NA,"",   212.269E-03,   145.391E-03,  -154.660E-03,   1.35298E-03
C:/temp/dataset/8/8_16.odb,Step-1,Increment      1: Step Time =    1.000,"PART-1-1",           147,       4.82974,       22.7243,            0.,NA,NA,"",   748.799E-03,   637.593E-03,  -392.652E-03,   3.01663E-03
C:/temp/dataset/8/8_16.odb,Step-1,Increment      1: Step Time =    1.000,"PART-1-1",           148,       7.38047,       9.75754,            0.,NA,NA,"",   495.807E-03,   349.431E-03,  -351.742E-03,   10.6162E-03
C:/temp/dataset/8/8_16.odb,Step-1,Increment      1: Step Time =    1.000,"PART-1-1",           149,       7.06669,       7.50812,            0.,NA,NA,"",   448.424E-03,   309.146E-03,  -324.827E-03,   10.7348E-03
C:/temp/dataset/8/8_16.odb,Step-1,Increment      1: Step Time =    1.000,"PART-1-1",           150,   54.6531E-03,       2.48775,            0.,NA,NA,"",   268.879E-03,   219.636E-03,  -155.100E-03,   1.04143E-03
C:/temp/dataset/8/8_16.odb,Step-1,Increment      1: Step Time =    1.000,"PART-1-1",           151,      -4.69755,       2.58666,            0.,NA,NA,"",   237.803E-03,   222.928E-03,  -82.7859E-03,   1.42974E-03
C:/temp/dataset/8/8_16.odb,Step-1,Increment      1: Step Time =    1.000,"PART-1-1",           152,      -12.4531,       27.7137,            0.,NA,NA,"",   782.905E-03,   780.535E-03,   60.8729E-03,   514.804E-06
C:/temp/dataset/8/8_16.odb,Step-1,Increment      1: Step Time =    1.000,"PART-1-1",           153,      -11.8780,       25.1349,            0.,NA,NA,"",   715.482E-03,   713.927E-03,   47.1373E-03,   998.494E-06
C:/temp/dataset/8/8_16.odb,Step-1,Increment      1: Step Time =    1.000,"PART-1-1",           154,      -12.3074,       22.4604,            0.,NA,NA,"",   647.797E-03,   645.260E-03,   57.2742E-03,   1.12648E-03
C:/temp/dataset/8/8_16.odb,Step-1,Increment      1: Step Time =    1.000,"PART-1-1",           155,      -7.54353,       19.8014,            0.,NA,NA,"",   578.233E-03,   575.459E-03,  -56.5702E-03,   717.124E-06
C:/temp/dataset/8/8_16.odb,Step-1,Increment      1: Step Time =    1.000,"PART-1-1",           156,   45.4396E-03,       22.6227,            0.,NA,NA,"",   690.721E-03,   640.492E-03,  -258.582E-03,   1.42405E-03
C:/temp/dataset/8/8_16.odb,Step-1,Increment      1: Step Time =    1.000,"PART-1-1",           157,       9.91939,       27.0382,            0.,NA,NA,"",   985.028E-03,   783.425E-03,  -597.099E-03,   15.4918E-03
C:/temp/dataset/8/8_16.odb,Step-1,Increment      1: Step Time =    1.000,"PART-1-1",           158,       4.86771,       27.6907,            0.,NA,NA,"",   886.853E-03,   788.677E-03,  -405.581E-03,   1.47758E-03
C:/temp/dataset/8/8_16.odb,Step-1,Increment      1: Step Time =    1.000,"PART-1-1",           159,       2.46310,       27.6480,            0.,NA,NA,"",   852.103E-03,   785.992E-03,  -329.083E-03,   1.65737E-03
C:/temp/dataset/8/8_16.odb,Step-1,Increment      1: Step Time =    1.000,"PART-1-1",           160,      -2.80472,       27.0882,            0.,NA,NA,"",   787.768E-03,   766.568E-03,  -181.524E-03,   1.15738E-03
C:/temp/dataset/8/8_16.odb,Step-1,Increment      1: Step Time =    1.000,"PART-1-1",           161,      -5.48605,       27.7688,            0.,NA,NA,"",   791.424E-03,   783.409E-03,  -112.350E-03,   1.26989E-03
C:/temp/dataset/8/8_16.odb,Step-1,Increment      1: Step Time =    1.000,"PART-1-1",           162,      -7.83752,       28.0673,            0.,NA,NA,"",   791.793E-03,   789.992E-03,  -53.3871E-03,   1.07834E-03
C:/temp/dataset/8/8_16.odb,Step-1,Increment      1: Step Time =    1.000,"PART-1-1",           163,      -7.55682,       15.0000,            0.,NA,NA,"",   466.392E-03,   463.484E-03,  -51.9955E-03,   1.02652E-03
C:/temp/dataset/8/8_16.odb,Step-1,Increment      1: Step Time =    1.000,"PART-1-1",           164,      -12.5962,       15.0033,            0.,NA,NA,"",   469.057E-03,   465.328E-03,   59.0249E-03,   1.34573E-03
C:/temp/dataset/8/8_16.odb,Step-1,Increment      1: Step Time =    1.000,"PART-1-1",           165,      -7.55941,       12.5503,            0.,NA,NA,"",   412.609E-03,   409.676E-03,  -49.1085E-03,   1.08984E-03
C:/temp/dataset/8/8_16.odb,Step-1,Increment      1: Step Time =    1.000,"PART-1-1",           166,      -12.5765,       12.5372,            0.,NA,NA,"",   414.756E-03,   410.935E-03,   56.1683E-03,   1.43807E-03
C:/temp/dataset/8/8_16.odb,Step-1,Increment      1: Step Time =    1.000,"PART-1-1",           167,      -7.59139,       10.0650,            0.,NA,NA,"",   360.492E-03,   357.620E-03,  -45.4201E-03,   1.24553E-03
C:/temp/dataset/8/8_16.odb,Step-1,Increment      1: Step Time =    1.000,"PART-1-1",           168,      -7.88191,       7.28317,            0.,NA,NA,"",   304.954E-03,   302.711E-03,  -36.9249E-03,   1.10381E-03
C:/temp/dataset/8/8_16.odb,Step-1,Increment      1: Step Time =    1.000,"PART-1-1",           169,      -12.0831,       7.21074,            0.,NA,NA,"",   305.667E-03,   302.936E-03,   40.7661E-03,   1.39108E-03
C:/temp/dataset/8/8_16.odb,Step-1,Increment      1: Step Time =    1.000,"PART-1-1",           170,      -13.1416,       2.31003,            0.,NA,NA,"",   224.340E-03,   218.087E-03,   52.5987E-03,   1.95097E-03
C:/temp/dataset/8/8_16.odb,Step-1,Increment      1: Step Time =    1.000,"PART-1-1",           171,      -12.2759,      -2.89935,            0.,NA,NA,"",   141.822E-03,   138.122E-03,   32.1832E-03,   1.64376E-03
C:/temp/dataset/8/8_16.odb,Step-1,Increment      1: Step Time =    1.000,"PART-1-1",           172,      -7.56671,      -5.67297,            0.,NA,NA,"",   104.059E-03,   100.220E-03,  -28.0028E-03,   1.31583E-03
C:/temp/dataset/8/8_16.odb,Step-1,Increment      1: Step Time =    1.000,"PART-1-1",           173,      -7.39223,      -7.81567,            0.,NA,NA,"",   81.2945E-03,   76.9035E-03,  -26.3562E-03,   2.30901E-03
C:/temp/dataset/8/8_16.odb,Step-1,Increment      1: Step Time =    1.000,"PART-1-1",           174,      -12.2966,      -7.15451,            0.,NA,NA,"",   88.7240E-03,   84.7462E-03,   26.2684E-03,   1.75050E-03
C:/temp/dataset/8/8_16.odb,Step-1,Increment      1: Step Time =    1.000,"PART-1-1",           175,      -12.4694,      -9.99482,            0.,NA,NA,"",   61.5929E-03,   56.9088E-03,   23.5601E-03,   1.79485E-03
C:/temp/dataset/8/8_16.odb,Step-1,Increment      1: Step Time =    1.000,"PART-1-1",           176,      -7.49855,      -12.5983,            0.,NA,NA,"",   40.1667E-03,   36.5488E-03,  -16.6599E-03,   1.97578E-03
C:/temp/dataset/8/8_16.odb,Step-1,Increment      1: Step Time =    1.000,"PART-1-1",           177,      -7.51831,      -15.1107,            0.,NA,NA,"",   24.4187E-03,   21.2041E-03,  -12.1102E-03,   1.91886E-03
C:/temp/dataset/8/8_16.odb,Step-1,Increment      1: Step Time =    1.000,"PART-1-1",           178,      -12.5129,      -15.0992,            0.,NA,NA,"",   26.7753E-03,   21.3973E-03,   16.0956E-03,   1.67810E-03
C:/temp/dataset/8/8_16.odb,Step-1,Increment      1: Step Time =    1.000,"PART-1-1",           179,      -7.51265,      -17.6713,            0.,NA,NA,"",   12.6844E-03,   9.58583E-03,  -8.30696E-03,   1.63144E-03
C:/temp/dataset/8/8_16.odb,Step-1,Increment      1: Step Time =    1.000,"PART-1-1",           180,      -12.5452,      -17.6264,            0.,NA,NA,"",   16.3007E-03,   10.3556E-03,   12.5886E-03,   1.63495E-03
C:/temp/dataset/8/8_16.odb,Step-1,Increment      1: Step Time =    1.000,"PART-1-1",           181,      -12.7276,      -20.0809,            0.,NA,NA,"",   10.4191E-03,   3.58722E-03,   9.78215E-03,   1.61901E-03
C:/temp/dataset/8/8_16.odb,Step-1,Increment      1: Step Time =    1.000,"PART-1-1",           182,      -13.0628,      -22.3163,            0.,NA,NA,"",   7.57579E-03,   330.559E-06,   7.56857E-03,   1.55957E-03
C:/temp/dataset/8/8_16.odb,Step-1,Increment      1: Step Time =    1.000,"PART-1-1",           183,      -7.23303,      -27.7750,            0.,NA,NA,"",   1.78975E-03,  -1.74921E-03,  -378.770E-06,   472.270E-06
C:/temp/dataset/8/8_16.odb,Step-1,Increment      1: Step Time =    1.000,"PART-1-1",           184,      -4.86055,      -27.7327,            0.,NA,NA,"",   1.94024E-03,  -1.79939E-03,  -725.753E-06,   529.233E-06
C:/temp/dataset/8/8_16.odb,Step-1,Increment      1: Step Time =    1.000,"PART-1-1",           185,      -2.50927,      -22.6041,            0.,NA,NA,"",   2.91494E-03,   2.23276E-03,  -1.87395E-03,   1.69560E-03
C:/temp/dataset/8/8_16.odb,Step-1,Increment      1: Step Time =    1.000,"PART-1-1",           186,  -77.0891E-03,      -22.5757,            0.,NA,NA,"",   4.22195E-03,   2.37147E-03,  -3.49299E-03,   911.215E-06
C:/temp/dataset/8/8_16.odb,Step-1,Increment      1: Step Time =    1.000,"PART-1-1",           187,  -14.9764E-03,      -27.4978,            0.,NA,NA,"",   4.43387E-03,  -3.90744E-03,  -2.09550E-03,   1.58123E-03
C:/temp/dataset/8/8_16.odb,Step-1,Increment      1: Step Time =    1.000,"PART-1-1",           188,       2.64148,      -22.7823,            0.,NA,NA,"",   12.9464E-03,   1.70861E-03,  -12.8332E-03,   2.49972E-03
C:/temp/dataset/8/8_16.odb,Step-1,Increment      1: Step Time =    1.000,"PART-1-1",           189,       2.81336,      -26.9767,            0.,NA,NA,"",   8.49675E-03,  -5.35323E-03,  -6.59831E-03,   2.99838E-03
C:/temp/dataset/8/8_16.odb,Step-1,Increment      1: Step Time =    1.000,"PART-1-1",           190,       5.52532,      -27.5935,            0.,NA,NA,"",   10.8352E-03,  -4.00651E-03,  -10.0673E-03,   5.48218E-03
C:/temp/dataset/8/8_16.odb,Step-1,Increment      1: Step Time =    1.000,"PART-1-1",           191,       10.2466,      -28.0300,            0.,NA,NA,"",   15.1369E-03,   3.79653E-03,  -14.6530E-03,   9.62153E-03
C:/temp/dataset/8/8_16.odb,Step-1,Increment      1: Step Time =    1.000,"PART-1-1",           192,       7.32380,      -17.2830,            0.,NA,NA,"",   111.595E-03,   46.9814E-03,  -101.224E-03,   11.4148E-03
C:/temp/dataset/8/8_16.odb,Step-1,Increment      1: Step Time =    1.000,"PART-1-1",           193,       7.51109,      -14.8717,            0.,NA,NA,"",   140.887E-03,   61.8680E-03,  -126.576E-03,   11.4227E-03
C:/temp/dataset/8/8_16.odb,Step-1,Increment      1: Step Time =    1.000,"PART-1-1",           194,       6.94800,      -7.47664,            0.,NA,NA,"",   224.553E-03,   111.566E-03,  -194.878E-03,   10.2521E-03
C:/temp/dataset/8/8_16.odb,Step-1,Increment      1: Step Time =    1.000,"PART-1-1",           195,       7.18328,       5.40883,            0.,NA,NA,"",   412.670E-03,   274.945E-03,  -307.737E-03,   8.91109E-03
C:/temp/dataset/8/8_16.odb,Step-1,Increment      1: Step Time =    1.000,"PART-1-1",           196,       8.12432,       12.3313,            0.,NA,NA,"",   560.893E-03,   401.149E-03,  -392.022E-03,   10.8042E-03
C:/temp/dataset/8/8_16.odb,Step-1,Increment      1: Step Time =    1.000,"PART-1-1",           197,       7.72271,       15.1164,            0.,NA,NA,"",   613.968E-03,   456.897E-03,  -410.124E-03,   10.3272E-03
C:/temp/dataset/8/8_16.odb,Step-1,Increment      1: Step Time =    1.000,"PART-1-1",           198,       12.5747,       27.4046,            0.,NA,NA,"",       1.06902,   814.230E-03,  -692.707E-03,   16.2182E-03
C:/temp/dataset/8/8_16.odb,Step-1,Increment      1: Step Time =    1.000,"PART-1-1",           199,       12.7332,       20.1953,            0.,NA,NA,"",   845.297E-03,   601.770E-03,  -593.633E-03,   14.9330E-03
C:/temp/dataset/8/8_16.odb,Step-1,Increment      1: Step Time =    1.000,"PART-1-1",           200,       12.7232,      -12.7379,            0.,NA,NA,"",   214.243E-03,   102.704E-03,  -188.021E-03,   12.4715E-03
C:/temp/dataset/8/8_16.odb,Step-1,Increment      1: Step Time =    1.000,"PART-1-1",           201,       12.5978,      -7.87838,            0.,NA,NA,"",   278.244E-03,   136.820E-03,  -242.281E-03,   12.8374E-03
C:/temp/dataset/8/8_16.odb,Step-1,Increment      1: Step Time =    1.000,"PART-1-1",           202,       12.5520,      -15.1937,            0.,NA,NA,"",   181.201E-03,   85.9483E-03,  -159.520E-03,   12.2293E-03
C:/temp/dataset/8/8_16.odb,Step-1,Increment      1: Step Time =    1.000,"PART-1-1",           203,       12.2949,      -17.8873,            0.,NA,NA,"",   145.291E-03,   67.7892E-03,  -128.507E-03,   11.9941E-03
C:/temp/dataset/8/8_16.odb,Step-1,Increment      1: Step Time =    1.000,"PART-1-1",           204,       11.9648,      -5.07588,            0.,NA,NA,"",   310.845E-03,   156.899E-03,  -268.342E-03,   12.7874E-03
C:/temp/dataset/8/8_16.odb,Step-1,Increment      1: Step Time =    1.000,"PART-1-1",           205,       12.2814,       12.3946,            0.,NA,NA,"",   641.545E-03,   424.290E-03,  -481.205E-03,   13.6765E-03
C:/temp/dataset/8/8_16.odb,Step-1,Increment      1: Step Time =    1.000,"PART-1-1",           206,       12.5647,       15.1089,            0.,NA,NA,"",   710.286E-03,   481.812E-03,  -521.885E-03,   14.1348E-03
C:/temp/dataset/8/8_16.odb,Step-1,Increment      1: Step Time =    1.000,"PART-1-1",           207,       13.0607,       22.5349,            0.,NA,NA,"",   921.161E-03,   666.434E-03,  -635.928E-03,   15.6878E-03
C:/temp/dataset/8/8_16.odb,Step-1,Increment      1: Step Time =    1.000,"PART-1-1",           208,       12.7200,      -2.36234,            0.,NA,NA,"",   362.238E-03,   188.927E-03,  -309.069E-03,   13.4999E-03
C:/temp/dataset/8/8_16.odb,Step-1,Increment      1: Step Time =    1.000,"PART-1-1",           209,       12.7952,      -10.3683,            0.,NA,NA,"",   246.245E-03,   119.346E-03,  -215.391E-03,   12.6973E-03
C:/temp/dataset/8/8_16.odb,Step-1,Increment      1: Step Time =    1.000,"PART-1-1",           210,       12.9896,      -20.3905,            0.,NA,NA,"",   119.499E-03,   56.1068E-03,  -105.508E-03,   12.2304E-03
C:/temp/dataset/8/8_16.odb,Step-1,Increment      1: Step Time =    1.000,"PART-1-1",           211,       13.0547,       9.94817,            0.,NA,NA,"",   602.932E-03,   382.321E-03,  -466.217E-03,   13.9174E-03
C:/temp/dataset/8/8_16.odb,Step-1,Increment      1: Step Time =    1.000,"PART-1-1",           212,       12.5883,       17.6584,            0.,NA,NA,"",   774.191E-03,   539.012E-03,  -555.731E-03,   14.4250E-03
C:/temp/dataset/8/8_16.odb,Step-1,Increment      1: Step Time =    1.000,"PART-1-1",           213,       12.5551,      -27.7203,            0.,NA,NA,"",   26.2254E-03,   13.6041E-03,  -22.4210E-03,   12.8780E-03
C:/temp/dataset/8/8_16.odb,Step-1,Increment      1: Step Time =    1.000,"PART-1-1",           214,       9.89421,       4.65062,            0.,NA,NA,"",   442.465E-03,   273.130E-03,  -348.103E-03,   11.2288E-03
C:/temp/dataset/8/8_16.odb,Step-1,Increment      1: Step Time =    1.000,"PART-1-1",           215,       10.7595,       6.33224,            0.,NA,NA,"",   488.262E-03,   305.621E-03,  -380.783E-03,   11.9674E-03
C:/temp/dataset/8/8_16.odb,Step-1,Increment      1: Step Time =    1.000,"PART-1-1",           216,       9.75763,      -23.6493,            0.,NA,NA,"",   57.7688E-03,   20.1753E-03,  -54.1312E-03,   11.1358E-03
C:/temp/dataset/8/8_16.odb,Step-1,Increment      1: Step Time =    1.000,"PART-1-1",           217,       9.53699,       1.63659,            0.,NA,NA,"",   383.287E-03,   223.146E-03,  -311.632E-03,   11.2782E-03
C:/temp/dataset/8/8_16.odb,Step-1,Increment      1: Step Time =    1.000,"PART-1-1",           218,       11.2350,       8.14750,            0.,NA,NA,"",   532.061E-03,   339.486E-03,  -409.680E-03,   12.5067E-03
C:/temp/dataset/8/8_16.odb,Step-1,Increment      1: Step Time =    1.000,"PART-1-1",           219,       11.2098,      -20.8622,            0.,NA,NA,"",   100.325E-03,   43.7071E-03,  -90.3034E-03,   11.7258E-03
C:/temp/dataset/8/8_16.odb,Step-1,Increment      1: Step Time =    1.000,"PART-1-1",           220,       11.0603,      -2.05600,            0.,NA,NA,"",   344.717E-03,   182.571E-03,  -292.400E-03,   12.4704E-03
C:/temp/dataset/8/8_16.odb,Step-1,Increment      1: Step Time =    1.000,"PART-1-1",           221,       5.60149,       2.31416,            0.,NA,NA,"",   333.827E-03,   217.160E-03,  -253.539E-03,   7.29179E-03
C:/temp/dataset/8/8_16.odb,Step-1,Increment      1: Step Time =    1.000,"PART-1-1",           222,      -6.74223,       2.51529,            0.,NA,NA,"",   226.423E-03,   220.544E-03,  -51.2614E-03,   1.52016E-03
C:/temp/dataset/8/8_16.odb,Step-1,Increment      1: Step Time =    1.000,"PART-1-1",           223,       7.48229,       20.3552,            0.,NA,NA,"",   734.444E-03,   580.035E-03,  -450.519E-03,   8.68981E-03
C:/temp/dataset/8/8_16.odb,Step-1,Increment      1: Step Time =    1.000,"PART-1-1",           224,      -7.41549,      -20.2834,            0.,NA,NA,"",   5.72166E-03,   2.36363E-03,  -5.21063E-03,   1.31236E-03
C:/temp/dataset/8/8_16.odb,Step-1,Increment      1: Step Time =    1.000,"PART-1-1",           225,       7.68091,      -4.90617,            0.,NA,NA,"",   263.135E-03,   136.013E-03,  -225.257E-03,   10.1119E-03
C:/temp/dataset/8/8_16.odb,Step-1,Increment      1: Step Time =    1.000,"PART-1-1",           226,       7.32158,      -21.5125,            0.,NA,NA,"",   64.3996E-03,   20.5575E-03,  -61.0303E-03,   10.5958E-03
C:/temp/dataset/8/8_16.odb,Step-1,Increment      1: Step Time =    1.000,"PART-1-1",           227,      -5.66463,      -2.34251,            0.,NA,NA,"",   159.470E-03,   147.364E-03,  -60.9468E-03,   2.43269E-03
C:/temp/dataset/8/8_16.odb,Step-1,Increment      1: Step Time =    1.000,"PART-1-1",           228,      -7.47529,       21.9155,            0.,NA,NA,"",   631.335E-03,   628.572E-03,  -58.9996E-03,   1.13983E-03
C:/temp/dataset/8/8_16.odb,Step-1,Increment      1: Step Time =    1.000,"PART-1-1",           229,      -10.1614,       28.1082,            0.,NA,NA,"",   790.464E-03,   790.453E-03,   4.07751E-03,   805.742E-06
C:/temp/dataset/8/8_16.odb,Step-1,Increment      1: Step Time =    1.000,"PART-1-1",           230,      -12.9405,      -24.6359,            0.,NA,NA,"",   4.81455E-03,  -1.25102E-03,   4.64918E-03,   1.29814E-03
C:/temp/dataset/8/8_16.odb,Step-1,Increment      1: Step Time =    1.000,"PART-1-1",           231,       8.38159,      -7.75756,            0.,NA,NA,"",   235.418E-03,   115.862E-03,  -204.934E-03,   10.8275E-03
C:/temp/dataset/8/8_16.odb,Step-1,Increment      1: Step Time =    1.000,"PART-1-1",           232,       2.49333,  -53.6144E-03,            0.,NA,NA,"",   263.594E-03,   178.624E-03,  -193.844E-03,   1.48905E-03
C:/temp/dataset/8/8_16.odb,Step-1,Increment      1: Step Time =    1.000,"PART-1-1",           233,       10.3438,       10.8317,            0.,NA,NA,"",   570.496E-03,   383.407E-03,  -422.451E-03,   12.2686E-03
C:/temp/dataset/8/8_16.odb,Step-1,Increment      1: Step Time =    1.000,"PART-1-1",           234,       2.48676,       25.2065,            0.,NA,NA,"",   783.116E-03,   711.112E-03,  -328.010E-03,   836.387E-06
C:/temp/dataset/8/8_16.odb,Step-1,Increment      1: Step Time =    1.000,"PART-1-1",           235,      -1.68066,       25.0633,            0.,NA,NA,"",   740.879E-03,   710.284E-03,  -210.711E-03,   540.521E-06
C:/temp/dataset/8/8_16.odb,Step-1,Increment      1: Step Time =    1.000,"PART-1-1",           236,       8.59823,       25.2987,            0.,NA,NA,"",   893.795E-03,   720.806E-03,  -528.496E-03,   11.0390E-03
C:/temp/dataset/8/8_16.odb,Step-1,Increment      1: Step Time =    1.000,"PART-1-1",           237,      -9.10993,      -25.5879,            0.,NA,NA,"",   2.23599E-03,  -2.22679E-03,   202.642E-06,   486.230E-06
C:/temp/dataset/8/8_16.odb,Step-1,Increment      1: Step Time =    1.000,"PART-1-1",           238,   13.3068E-03,  -28.0450E-03,            0.,NA,NA,"",   238.335E-03,   181.022E-03,  -155.031E-03,   1.29311E-03
C:/temp/dataset/8/8_16.odb,Step-1,Increment      1: Step Time =    1.000,"PART-1-1",           239,      -6.37923,       25.7100,            0.,NA,NA,"",   733.661E-03,   728.336E-03,  -88.2339E-03,   1.10354E-03
C:/temp/dataset/8/8_16.odb,Step-1,Increment      1: Step Time =    1.000,"PART-1-1",           240,      -10.0909,       17.4402,            0.,NA,NA,"",   519.980E-03,   519.967E-03,   3.69858E-03,   545.874E-06
C:/temp/dataset/8/8_16.odb,Step-1,Increment      1: Step Time =    1.000,"PART-1-1",           241,      -10.1005,       12.5885,            0.,NA,NA,"",   410.603E-03,   410.582E-03,   4.20725E-03,   416.177E-06
C:/temp/dataset/8/8_16.odb,Step-1,Increment      1: Step Time =    1.000,"PART-1-1",           242,      -9.86842,       5.52051,            0.,NA,NA,"",   270.605E-03,   270.604E-03,  -368.515E-06,   402.498E-06
C:/temp/dataset/8/8_16.odb,Step-1,Increment      1: Step Time =    1.000,"PART-1-1",           243,      -11.6255,       2.21973,            0.,NA,NA,"",   217.235E-03,   215.436E-03,   27.9067E-03,   1.08754E-03
C:/temp/dataset/8/8_16.odb,Step-1,Increment      1: Step Time =    1.000,"PART-1-1",           244,      -10.6231,      -5.01162,            0.,NA,NA,"",   109.210E-03,   108.825E-03,   9.16680E-03,   770.067E-06
C:/temp/dataset/8/8_16.odb,Step-1,Increment      1: Step Time =    1.000,"PART-1-1",           245,      -9.74824,      -1.61604,            0.,NA,NA,"",   155.591E-03,   155.581E-03,  -1.76557E-03,   485.928E-06
C:/temp/dataset/8/8_16.odb,Step-1,Increment      1: Step Time =    1.000,"PART-1-1",           246,      -9.39443,      -6.20426,            0.,NA,NA,"",   94.0345E-03,   93.8625E-03,  -5.68470E-03,   400.212E-06
C:/temp/dataset/8/8_16.odb,Step-1,Increment      1: Step Time =    1.000,"PART-1-1",           247,      -9.97662,      -10.1599,            0.,NA,NA,"",   54.2768E-03,   54.2665E-03,   1.05494E-03,   276.339E-06
C:/temp/dataset/8/8_16.odb,Step-1,Increment      1: Step Time =    1.000,"PART-1-1",           248,      -10.0249,      -15.1454,            0.,NA,NA,"",   20.1964E-03,   20.0997E-03,   1.97368E-03,   334.108E-06
C:/temp/dataset/8/8_16.odb,Step-1,Increment      1: Step Time =    1.000,"PART-1-1",           249,      -10.1027,      -20.6945,            0.,NA,NA,"",   2.24611E-03,   1.30478E-03,   1.82827E-03,   779.421E-06
C:/temp/dataset/8/8_16.odb,Step-1,Increment      1: Step Time =    1.000,"PART-1-1",           250,      -4.80323,      -25.3191,            0.,NA,NA,"",   2.09007E-03,  -1.33509E-03,  -1.60808E-03,   760.892E-06
C:/temp/dataset/8/8_16.odb,Step-1,Increment      1: Step Time =    1.000,"PART-1-1",           251,      -2.51311,      -25.1881,            0.,NA,NA,"",   2.20058E-03,  -1.55267E-03,  -1.55941E-03,   977.905E-06
C:/temp/dataset/8/8_16.odb,Step-1,Increment      1: Step Time =    1.000,"PART-1-1",           252,       4.39742,      -24.6165,            0.,NA,NA,"",   19.1799E-03,  -2.24978E-03,  -19.0475E-03,   5.03652E-03
C:/temp/dataset/8/8_16.odb,Step-1,Increment      1: Step Time =    1.000,"PART-1-1",           253,       1.66428,      -24.9869,            0.,NA,NA,"",   7.69482E-03,  -3.72380E-03,  -6.73377E-03,   1.86274E-03
C:/temp/dataset/8/8_16.odb,Step-1,Increment      1: Step Time =    1.000,"PART-1-1",           254,      -10.0923,       15.0064,            0.,NA,NA,"",   463.883E-03,   463.868E-03,   3.84517E-03,   436.752E-06
C:/temp/dataset/8/8_16.odb,Step-1,Increment      1: Step Time =    1.000,"PART-1-1",           255,       10.3928,      -12.7475,            0.,NA,NA,"",   192.499E-03,   89.9761E-03,  -170.177E-03,   11.8715E-03
C:/temp/dataset/8/8_16.odb,Step-1,Increment      1: Step Time =    1.000,"PART-1-1",           256,      -10.0380,       8.31527,            0.,NA,NA,"",   322.852E-03,   322.838E-03,   3.00658E-03,   407.210E-06
C:/temp/dataset/8/8_16.odb,Step-1,Increment      1: Step Time =    1.000,"PART-1-1",           257,      -2.46664,   5.11286E-03,            0.,NA,NA,"",   216.605E-03,   183.306E-03,  -115.397E-03,   869.229E-06
C:/temp/dataset/8/8_16.odb,Step-1,Increment      1: Step Time =    1.000,"PART-1-1",           258,       4.76759,       25.2938,            0.,NA,NA,"",   815.977E-03,   712.521E-03,  -397.658E-03,   2.44221E-03
C:/temp/dataset/8/8_16.odb,Step-1,Increment      1: Step Time =    1.000,"PART-1-1",           259,      -9.80145,       22.1184,            0.,NA,NA,"",   635.040E-03,   635.033E-03,  -3.02201E-03,   1.16190E-03
C:/temp/dataset/8/8_16.odb,Step-1,Increment      1: Step Time =    1.000,"PART-1-1",           260,      -10.0026,       19.8332,            0.,NA,NA,"",   577.632E-03,   577.629E-03,   1.69565E-03,   876.814E-06
C:/temp/dataset/8/8_16.odb,Step-1,Increment      1: Step Time =    1.000,"PART-1-1",           261,      -4.38985,       24.8503,            0.,NA,NA,"",   718.773E-03,   705.308E-03,  -138.475E-03,   774.437E-06
C:/temp/dataset/8/8_16.odb,Step-1,Increment      1: Step Time =    1.000,"PART-1-1",           262,      -8.41468,       26.1052,            0.,NA,NA,"",   739.583E-03,   738.611E-03,  -37.9072E-03,   1.16180E-03
C:/temp/dataset/8/8_16.odb,Step-1,Increment      1: Step Time =    1.000,"PART-1-1",           263,      -10.8408,       3.63703,            0.,NA,NA,"",   238.998E-03,   238.470E-03,   15.8689E-03,   706.492E-06
C:/temp/dataset/8/8_16.odb,Step-1,Increment      1: Step Time =    1.000,"PART-1-1",           264,      -10.0123,      -12.6074,            0.,NA,NA,"",   35.4818E-03,   35.4435E-03,   1.64930E-03,   315.755E-06
C:/temp/dataset/8/8_16.odb,Step-1,Increment      1: Step Time =    1.000,"PART-1-1",           265,      -10.0363,      -17.7670,            0.,NA,NA,"",   8.89303E-03,   8.66342E-03,   2.00777E-03,   474.995E-06
C:/temp/dataset/8/8_16.odb,Step-1,Increment      1: Step Time =    1.000,"PART-1-1",           266,      -11.0603,      -23.9480,            0.,NA,NA,"",   3.25244E-03,  -1.72677E-03,   2.75620E-03,   880.979E-06
C:/temp/dataset/8/8_16.odb,Step-1,Increment      1: Step Time =    1.000,"PART-1-1",           267,       6.47854,      -25.3722,            0.,NA,NA,"",   25.0544E-03,   422.012E-06,  -25.0509E-03,   7.35955E-03
C:/temp/dataset/8/8_16.odb,Step-1,Increment      1: Step Time =    1.000,"PART-1-1",           268,       8.63537,      -25.7845,            0.,NA,NA,"",   30.5101E-03,   5.98893E-03,  -29.9165E-03,   9.45777E-03
C:/temp/dataset/8/8_16.odb,Step-1,Increment      1: Step Time =    1.000,"PART-1-1",           269,       9.70324,      -17.2922,            0.,NA,NA,"",   131.302E-03,   58.4080E-03,  -117.596E-03,   11.1655E-03
C:/temp/dataset/8/8_16.odb,Step-1,Increment      1: Step Time =    1.000,"PART-1-1",           270,       9.32190,      -19.2968,            0.,NA,NA,"",   104.726E-03,   44.2785E-03,  -94.9048E-03,   11.0204E-03
C:/temp/dataset/8/8_16.odb,Step-1,Increment      1: Step Time =    1.000,"PART-1-1",           271,       10.1737,       15.3696,            0.,NA,NA,"",   667.165E-03,   473.994E-03,  -469.509E-03,   12.1653E-03
C:/temp/dataset/8/8_16.odb,Step-1,Increment      1: Step Time =    1.000,"PART-1-1",           272,       11.4582,       22.6444,            0.,NA,NA,"",   884.483E-03,   659.224E-03,  -589.689E-03,   14.0209E-03
C:/temp/dataset/8/8_16.odb,Step-1,Increment      1: Step Time =    1.000,"PART-1-1",           273,       10.7208,      -10.6686,            0.,NA,NA,"",   221.888E-03,   105.819E-03,  -195.029E-03,   11.9644E-03
C:/temp/dataset/8/8_16.odb,Step-1,Increment      1: Step Time =    1.000,"PART-1-1",           274,       12.8969,       24.9220,            0.,NA,NA,"",   992.504E-03,   735.848E-03,  -666.027E-03,   16.0016E-03
C:/temp/dataset/8/8_16.odb,Step-1,Increment      1: Step Time =    1.000,"PART-1-1",           275,       10.1448,       20.8629,            0.,NA,NA,"",   803.460E-03,   604.131E-03,  -529.692E-03,   12.1726E-03
C:/temp/dataset/8/8_16.odb,Step-1,Increment      1: Step Time =    1.000,"PART-1-1",           276,       9.65714,      -6.54367,            0.,NA,NA,"",   264.077E-03,   131.807E-03,  -228.830E-03,   11.2970E-03
C:/temp/dataset/8/8_16.odb,Step-1,Increment      1: Step Time =    1.000,"PART-1-1",           277,       9.83992,      -3.38396,            0.,NA,NA,"",   308.879E-03,   161.362E-03,  -263.379E-03,   11.6859E-03
C:/temp/dataset/8/8_16.odb,Step-1,Increment      1: Step Time =    1.000,"PART-1-1",           278,       8.07567,       3.47086,            0.,NA,NA,"",   392.675E-03,   245.334E-03,  -306.603E-03,   10.1141E-03
C:/temp/dataset/8/8_16.odb,Step-1,Increment      1: Step Time =    1.000,"PART-1-1",           279,       7.59381,   482.257E-03,            0.,NA,NA,"",   335.998E-03,   196.857E-03,  -272.290E-03,   9.53938E-03
C:/temp/dataset/8/8_16.odb,Step-1,Increment      1: Step Time =    1.000,"PART-1-1",           280,       4.76722,  -235.440E-03,            0.,NA,NA,"",   288.176E-03,   177.483E-03,  -227.035E-03,   4.52618E-03
C:/temp/dataset/8/8_16.odb,Step-1,Increment      1: Step Time =    1.000,"PART-1-1",           281,      -4.77136,   213.016E-03,            0.,NA,NA,"",   202.139E-03,   186.104E-03,  -78.9018E-03,   1.29102E-03
C:/temp/dataset/8/8_16.odb,Step-1,Increment      1: Step Time =    1.000,"PART-1-1",           282,      -7.11180,      -22.9221,            0.,NA,NA,"",   2.92561E-03,  -356.738E-06,  -2.90378E-03,   1.23774E-03
C:/temp/dataset/8/8_16.odb,Step-1,Increment      1: Step Time =    1.000,"PART-1-1",           283,      -7.18782,       23.8644,            0.,NA,NA,"",   682.739E-03,   679.445E-03,  -66.9847E-03,   1.13887E-03
C:/temp/dataset/8/8_16.odb,Step-1,Increment      1: Step Time =    1.000,"PART-1-1",           284,      -8.39641,      -3.64363,            0.,NA,NA,"",   128.133E-03,   126.688E-03,  -19.1923E-03,   1.08447E-03
C:/temp/dataset/8/8_16.odb,Step-1,Increment      1: Step Time =    1.000,"PART-1-1",           285,      -5.55453,       23.5444,            0.,NA,NA,"",   679.231E-03,   670.628E-03,  -107.757E-03,   788.591E-06
C:/temp/dataset/8/8_16.odb,Step-1,Increment      1: Step Time =    1.000,"PART-1-1",           286,      -8.96964,       2.09003,            0.,NA,NA,"",   213.358E-03,   212.830E-03,  -15.0013E-03,   455.641E-06
C:/temp/dataset/8/8_16.odb,Step-1,Increment      1: Step Time =    1.000,"PART-1-1",           287,      -8.56063,       4.18956,            0.,NA,NA,"",   248.317E-03,   247.273E-03,  -22.7534E-03,   449.498E-06
C:/temp/dataset/8/8_16.odb,Step-1,Increment      1: Step Time =    1.000,"PART-1-1",           288,      -7.73446,  -335.973E-03,            0.,NA,NA,"",   178.552E-03,   175.619E-03,  -32.2297E-03,   1.26053E-03
C:/temp/dataset/8/8_16.odb,Step-1,Increment      1: Step Time =    1.000,"PART-1-1",           289,      -9.21295,      -23.2880,            0.,NA,NA,"",   1.45769E-03,  -1.45752E-03,   22.5236E-06,   679.658E-06
C:/temp/dataset/8/8_16.odb,Step-1,Increment      1: Step Time =    1.000,"PART-1-1",           290,       7.07458,       22.9394,            0.,NA,NA,"",   793.112E-03,   647.114E-03,  -458.552E-03,   7.74228E-03
C:/temp/dataset/8/8_16.odb,Step-1,Increment      1: Step Time =    1.000,"PART-1-1",           291,       5.55979,      -23.2424,            0.,NA,NA,"",   33.7073E-03,   4.08626E-03,  -33.4587E-03,   7.43156E-03
C:/temp/dataset/8/8_16.odb,Step-1,Increment      1: Step Time =    1.000,"PART-1-1",           292,       8.69880,      -1.44983,            0.,NA,NA,"",   322.111E-03,   176.689E-03,  -269.327E-03,   10.8130E-03
C:/temp/dataset/8/8_16.odb,Step-1,Increment      1: Step Time =    1.000,"PART-1-1",           293,       10.8983,      -19.3920,            0.,NA,NA,"",   115.826E-03,   51.2530E-03,  -103.869E-03,   11.5108E-03
C:/temp/dataset/8/8_16.odb,Step-1,Increment      1: Step Time =    1.000,"PART-1-1",           294,       11.5936,       9.64460,            0.,NA,NA,"",   569.100E-03,   368.264E-03,  -433.885E-03,   12.9286E-03
C:/temp/dataset/8/8_16.odb,Step-1,Increment      1: Step Time =    1.000,"PART-1-1",           295,       7.27669,      -23.4490,            0.,NA,NA,"",   44.5436E-03,   9.81535E-03,  -43.4487E-03,   9.50252E-03
C:/temp/dataset/8/8_16.odb,Step-1,Increment      1: Step Time =    1.000,"PART-1-1",           296,       9.33849,      -21.3324,            0.,NA,NA,"",   81.3520E-03,   31.4233E-03,  -75.0382E-03,   10.9833E-03
C:/temp/dataset/8/8_16.odb,Step-1,Increment      1: Step Time =    1.000,"PART-1-1",           297,       6.40414,  -671.178E-03,            0.,NA,NA,"",   303.137E-03,   176.095E-03,  -246.744E-03,   7.77671E-03
C:/temp/dataset/8/8_16.odb,Step-1,Increment      1: Step Time =    1.000,"PART-1-1",           298,       9.14051,       23.4286,            0.,NA,NA,"",   851.472E-03,   668.634E-03,  -527.193E-03,   11.4181E-03
C:/temp/dataset/8/8_16.odb,Step-1,Increment      1: Step Time =    1.000,"PART-1-1",           299,       8.65907,       5.77812,            0.,NA,NA,"",   443.079E-03,   286.761E-03,  -337.767E-03,   10.4706E-03
C:/temp/dataset/8/8_16.odb,Step-1,Increment      1: Step Time =    1.000,"PART-1-1",           300,       8.97612,       7.18244,            0.,NA,NA,"",   474.257E-03,   311.963E-03,  -357.210E-03,   10.7399E-03
C:/temp/dataset/8/8_16.odb,Step-1,Increment      1: Step Time =    1.000,"PART-1-1",           301,       6.88173,      -2.42849,            0.,NA,NA,"",   285.408E-03,   156.118E-03,  -238.924E-03,   9.53130E-03
C:/temp/dataset/8/8_16.odb,Step-1,Increment      1: Step Time =    1.000,"PART-1-1",           302,      -6.42964,   749.171E-03,            0.,NA,NA,"",   200.533E-03,   193.176E-03,  -53.8208E-03,   1.50721E-03
C:/temp/dataset/8/8_16.odb,Step-1,Increment      1: Step Time =    1.000,"PART-1-1",           303,       5.11581,      -21.8357,            0.,NA,NA,"",   39.1896E-03,   9.04948E-03,  -38.1304E-03,   8.49201E-03
C:/temp/dataset/8/8_16.odb,Step-1,Increment      1: Step Time =    1.000,"PART-1-1",           304,      -5.14463,       22.0341,            0.,NA,NA,"",   641.329E-03,   630.511E-03,  -117.298E-03,   761.686E-06
C:/temp/dataset/8/8_16.odb,Step-1,Increment      1: Step Time =    1.000,"PART-1-1",           305,      -6.99627,       4.73063,            0.,NA,NA,"",   261.226E-03,   256.438E-03,  -49.7885E-03,   1.04722E-03
C:/temp/dataset/8/8_16.odb,Step-1,Increment      1: Step Time =    1.000,"PART-1-1",           306,      -9.29341,       24.2181,            0.,NA,NA,"",   689.426E-03,   689.249E-03,  -15.6466E-03,   1.23739E-03
C:/temp/dataset/8/8_16.odb,Step-1,Increment      1: Step Time =    1.000,"PART-1-1",           307,       6.91219,       25.3650,            0.,NA,NA,"",   857.102E-03,   716.861E-03,  -469.823E-03,   7.06395E-03
C:/temp/dataset/8/8_16.odb,Step-1,Increment      1: Step Time =    1.000,"PART-1-1",           308,      -7.05007,      -25.4591,            0.,NA,NA,"",   2.19033E-03,  -1.85499E-03,  -1.16470E-03,   533.351E-06
C:/temp/dataset/8/8_16.odb,Step-1,Increment      1: Step Time =    1.000,"PART-1-1",           309,   220.127E-03,       25.1193,            0.,NA,NA,"",   757.724E-03,   710.564E-03,  -263.145E-03,   755.969E-06
C:/temp/dataset/8/8_16.odb,Step-1,Increment      1: Step Time =    1.000,"PART-1-1",           310,      -10.0664,       10.2548,            0.,NA,NA,"",   361.570E-03,   361.552E-03,   3.60604E-03,   436.210E-06
C:/temp/dataset/8/8_16.odb,Step-1,Increment      1: Step Time =    1.000,"PART-1-1",           311,  -242.668E-03,      -25.0731,            0.,NA,NA,"",   3.89697E-03,  -2.62706E-03,  -2.87835E-03,   1.06246E-03
C:/temp/dataset/8/8_16.odb,Step-1,Increment      1: Step Time =    1.000,"PART-1-1",           312,       10.1301,       17.8656,            0.,NA,NA,"",   726.127E-03,   530.230E-03,  -496.101E-03,   11.9453E-03
C:/temp/dataset/8/8_16.odb,Step-1,Increment      1: Step Time =    1.000,"PART-1-1",           313,       10.5061,      -8.54167,            0.,NA,NA,"",   247.169E-03,   120.245E-03,  -215.949E-03,   11.8327E-03
C:/temp/dataset/8/8_16.odb,Step-1,Increment      1: Step Time =    1.000,"PART-1-1",           314,       10.4872,  -400.528E-03,            0.,NA,NA,"",   363.182E-03,   199.602E-03,  -303.415E-03,   12.0804E-03
C:/temp/dataset/8/8_16.odb,Step-1,Increment      1: Step Time =    1.000,"PART-1-1",           315,       10.8929,       24.4859,            0.,NA,NA,"",   926.267E-03,   709.078E-03,  -595.969E-03,   14.0355E-03
C:/temp/dataset/8/8_16.odb,Step-1,Increment      1: Step Time =    1.000,"PART-1-1",           316,      -9.77896,      -7.87942,            0.,NA,NA,"",   75.6043E-03,   75.5962E-03,  -1.10806E-03,   337.820E-06
C:/temp/dataset/8/8_16.odb,Step-1,Increment      1: Step Time =    1.000,"PART-1-1",           317,      -10.1061,       26.5279,            0.,NA,NA,"",   749.669E-03,   749.661E-03,   3.41440E-03,   1.01457E-03
C:/temp/dataset/8/8_16.odb,Step-1,Increment      1: Step Time =    1.000,"PART-1-1",           318,       10.2904,      -26.3642,            0.,NA,NA,"",   31.2827E-03,   10.0777E-03,  -29.6150E-03,   10.8048E-03
C:/temp/dataset/8/8_16.odb,Step-1,Increment      1: Step Time =    1.000,"PART-1-1",           319,       8.71706,      -9.20658,            0.,NA,NA,"",   220.663E-03,   106.184E-03,  -193.434E-03,   11.1495E-03
C:/temp/dataset/8/8_16.odb,Step-1,Increment      1: Step Time =    1.000,"PART-1-1",           320,      -10.7949,   625.452E-03,            0.,NA,NA,"",   190.245E-03,   189.740E-03,   13.8552E-03,   575.085E-06
C:/temp/dataset/8/8_16.odb,Step-1,Increment      1: Step Time =    1.000,"PART-1-1",           321,       9.11771,      -10.6516,            0.,NA,NA,"",   206.562E-03,   97.6065E-03,  -182.046E-03,   11.4570E-03
C:/temp/dataset/8/8_16.odb,Step-1,Increment      1: Step Time =    1.000,"PART-1-1",           322,       10.0459,      -15.0301,            0.,NA,NA,"",   161.233E-03,   73.7513E-03,  -143.376E-03,   11.6843E-03
C:/temp/dataset/8/8_16.odb,Step-1,Increment      1: Step Time =    1.000,"PART-1-1",           323,       10.1838,       13.4361,            0.,NA,NA,"",   623.421E-03,   433.394E-03,  -448.134E-03,   12.2273E-03
C:/temp/dataset/8/8_16.odb,Step-1,Increment      1: Step Time =    1.000,"PART-1-1",           324,       9.44411,       8.99394,            0.,NA,NA,"",   516.960E-03,   345.453E-03,  -384.590E-03,   11.5625E-03
C:/temp/dataset/8/8_16.odb,Step-1,Increment      1: Step Time =    1.000,"PART-1-1",           325,      -11.4742,      -22.3598,            0.,NA,NA,"",   4.42619E-03,  -510.001E-06,   4.39671E-03,   1.03633E-03
C:/temp/dataset/8/8_16.odb,Step-1,Increment      1: Step Time =    1.000,"PART-1-1",           326,      -10.7157,      -25.5035,            0.,NA,NA,"",   2.72688E-03,  -2.14881E-03,   1.67883E-03,   758.996E-06
C:/temp/dataset/8/8_16.odb,Step-1,Increment      1: Step Time =    1.000,"PART-1-1",           327,       11.3755,      -22.3888,            0.,NA,NA,"",   83.0353E-03,   35.5009E-03,  -75.0636E-03,   11.9439E-03
C:/temp/dataset/8/8_16.odb,Step-1,Increment      1: Step Time =    1.000,"PART-1-1",           328,       12.6965,      -9.12334,            0.,NA,NA,"",   262.121E-03,   127.856E-03,  -228.824E-03,   12.7647E-03
C:/temp/dataset/8/8_16.odb,Step-1,Increment      1: Step Time =    1.000,"PART-1-1",           329,       11.5519,      -8.21002,            0.,NA,NA,"",   262.555E-03,   128.398E-03,  -229.018E-03,   12.3261E-03
C:/temp/dataset/8/8_16.odb,Step-1,Increment      1: Step Time =    1.000,"PART-1-1",           330,       10.6134,      -9.60511,            0.,NA,NA,"",   234.497E-03,   112.875E-03,  -205.544E-03,   11.8987E-03
C:/temp/dataset/8/8_16.odb,Step-1,Increment      1: Step Time =    1.000,"PART-1-1",           331,       11.7580,      -10.5184,            0.,NA,NA,"",   234.027E-03,   112.479E-03,  -205.225E-03,   12.3263E-03
C:/temp/dataset/8/8_16.odb,Step-1,Increment      1: Step Time =    1.000,"PART-1-1",           332,       12.2813,      -6.47713,            0.,NA,NA,"",   294.445E-03,   146.423E-03,  -255.457E-03,   12.8038E-03
C:/temp/dataset/8/8_16.odb,Step-1,Increment      1: Step Time =    1.000,"PART-1-1",           333,       10.8110,      -5.80977,            0.,NA,NA,"",   286.867E-03,   143.970E-03,  -248.124E-03,   12.0379E-03
C:/temp/dataset/8/8_16.odb,Step-1,Increment      1: Step Time =    1.000,"PART-1-1",           334,       10.0816,      -7.54267,            0.,NA,NA,"",   255.717E-03,   125.861E-03,  -222.599E-03,   11.5785E-03
C:/temp/dataset/8/8_16.odb,Step-1,Increment      1: Step Time =    1.000,"PART-1-1",           335,       11.2990,      -15.1119,            0.,NA,NA,"",   171.266E-03,   79.7599E-03,  -151.559E-03,   11.9430E-03
C:/temp/dataset/8/8_16.odb,Step-1,Increment      1: Step Time =    1.000,"PART-1-1",           336,       9.87457,      -16.1611,            0.,NA,NA,"",   146.114E-03,   65.9613E-03,  -130.378E-03,   11.5130E-03
C:/temp/dataset/8/8_16.odb,Step-1,Increment      1: Step Time =    1.000,"PART-1-1",           337,       10.9991,      -17.5898,            0.,NA,NA,"",   138.360E-03,   62.9388E-03,  -123.216E-03,   11.6002E-03
C:/temp/dataset/8/8_16.odb,Step-1,Increment      1: Step Time =    1.000,"PART-1-1",           338,       12.4235,      -16.5405,            0.,NA,NA,"",   163.157E-03,   76.8593E-03,  -143.919E-03,   12.1067E-03
C:/temp/dataset/8/8_16.odb,Step-1,Increment      1: Step Time =    1.000,"PART-1-1",           339,       13.8616,      -12.6502,            0.,NA,NA,"",   225.857E-03,   109.746E-03,  -197.402E-03,   12.7487E-03
C:/temp/dataset/8/8_16.odb,Step-1,Increment      1: Step Time =    1.000,"PART-1-1",           340,       12.6376,      -13.9658,            0.,NA,NA,"",   197.611E-03,   94.2411E-03,  -173.692E-03,   12.3452E-03
C:/temp/dataset/8/8_16.odb,Step-1,Increment      1: Step Time =    1.000,"PART-1-1",           341,       13.7760,      -15.1344,            0.,NA,NA,"",   192.621E-03,   93.1192E-03,  -168.617E-03,   12.4577E-03
C:/temp/dataset/8/8_16.odb,Step-1,Increment      1: Step Time =    1.000,"PART-1-1",           342,           15.,      -13.8188,            0.,NA,NA,"",   220.450E-03,   108.583E-03,  -191.854E-03,   12.8544E-03
C:/temp/dataset/8/8_16.odb,Step-1,Increment      1: Step Time =    1.000,"PART-1-1",           343,       10.1233,      -29.0150,            0.,NA,NA,"",   6.98147E-03,   1.16815E-03,  -6.88304E-03,   8.74848E-03
C:/temp/dataset/8/8_16.odb,Step-1,Increment      1: Step Time =    1.000,"PART-1-1",           344,         11.25,          -30.,            0.,NA,NA,"",            0.,   1.29736E-39,  -17.7357E-39,   9.07419E-03
C:/temp/dataset/8/8_16.odb,Step-1,Increment      1: Step Time =    1.000,"PART-1-1",           345,       12.5276,      -28.8602,            0.,NA,NA,"",   11.4495E-03,   5.58882E-03,  -9.99280E-03,   11.2099E-03
C:/temp/dataset/8/8_16.odb,Step-1,Increment      1: Step Time =    1.000,"PART-1-1",           346,       11.4009,      -27.8752,            0.,NA,NA,"",   19.3903E-03,   7.87842E-03,  -17.7177E-03,   11.1832E-03
C:/temp/dataset/8/8_16.odb,Step-1,Increment      1: Step Time =    1.000,"PART-1-1",           347,  -7.48819E-03,      -28.7489,            0.,NA,NA,"",   2.88809E-03,  -2.60059E-03,  -1.25617E-03,   1.81704E-03
C:/temp/dataset/8/8_16.odb,Step-1,Increment      1: Step Time =    1.000,"PART-1-1",           348,          1.25,          -30.,            0.,NA,NA,"",            0.,  -1.90458E-39,  -4.03784E-39,   2.82423E-03
C:/temp/dataset/8/8_16.odb,Step-1,Increment      1: Step Time =    1.000,"PART-1-1",           349,       2.65668,      -28.4883,            0.,NA,NA,"",   5.13237E-03,  -3.97724E-03,  -3.24388E-03,   3.25241E-03
C:/temp/dataset/8/8_16.odb,Step-1,Increment      1: Step Time =    1.000,"PART-1-1",           350,       1.39919,      -27.2372,            0.,NA,NA,"",   6.11695E-03,  -4.81737E-03,  -3.76961E-03,   2.22666E-03
C:/temp/dataset/8/8_16.odb,Step-1,Increment      1: Step Time =    1.000,"PART-1-1",           351,      -13.5917,      -27.3235,            0.,NA,NA,"",   2.44083E-03,  -871.488E-06,   2.27995E-03,   1.16267E-03
C:/temp/dataset/8/8_16.odb,Step-1,Increment      1: Step Time =    1.000,"PART-1-1",           352,      -12.5620,      -25.8915,            0.,NA,NA,"",   3.46065E-03,  -1.57615E-03,   3.08088E-03,   1.14859E-03
C:/temp/dataset/8/8_16.odb,Step-1,Increment      1: Step Time =    1.000,"PART-1-1",           353,      -13.9703,      -24.8180,            0.,NA,NA,"",   5.41735E-03,  -684.894E-06,   5.37388E-03,   1.51781E-03
C:/temp/dataset/8/8_16.odb,Step-1,Increment      1: Step Time =    1.000,"PART-1-1",           354,          -15.,        -26.25,            0.,NA,NA,"",   3.80371E-03,  -170.782E-06,   3.79988E-03,   1.56056E-03
C:/temp/dataset/8/8_16.odb,Step-1,Increment      1: Step Time =    1.000,"PART-1-1",           355,      -13.7565,      -15.0496,            0.,NA,NA,"",   32.5050E-03,   22.8522E-03,   23.1160E-03,   2.53775E-03
C:/temp/dataset/8/8_16.odb,Step-1,Increment      1: Step Time =    1.000,"PART-1-1",           356,          -15.,        -16.25,            0.,NA,NA,"",   32.1608E-03,   18.6206E-03,   26.2219E-03,   3.28762E-03
C:/temp/dataset/8/8_16.odb,Step-1,Increment      1: Step Time =    1.000,"PART-1-1",           357,      -13.7726,      -17.5632,            0.,NA,NA,"",   21.2166E-03,   11.6959E-03,   17.7017E-03,   2.37406E-03
C:/temp/dataset/8/8_16.odb,Step-1,Increment      1: Step Time =    1.000,"PART-1-1",           358,      -12.5291,      -16.3628,            0.,NA,NA,"",   20.9943E-03,   15.3408E-03,   14.3326E-03,   1.65607E-03
C:/temp/dataset/8/8_16.odb,Step-1,Increment      1: Step Time =    1.000,"PART-1-1",           359,      -13.7981,       15.0016,            0.,NA,NA,"",   474.257E-03,   466.450E-03,   85.6987E-03,   1.88176E-03
C:/temp/dataset/8/8_16.odb,Step-1,Increment      1: Step Time =    1.000,"PART-1-1",           360,          -15.,         13.75,            0.,NA,NA,"",   453.597E-03,   440.034E-03,   110.094E-03,   2.53625E-03
C:/temp/dataset/8/8_16.odb,Step-1,Increment      1: Step Time =    1.000,"PART-1-1",           361,      -13.7882,       12.5186,            0.,NA,NA,"",   419.778E-03,   411.742E-03,   81.7394E-03,   2.02972E-03
C:/temp/dataset/8/8_16.odb,Step-1,Increment      1: Step Time =    1.000,"PART-1-1",           362,      -12.5863,       13.7702,            0.,NA,NA,"",   441.564E-03,   437.788E-03,   57.6276E-03,   1.39347E-03
C:/temp/dataset/8/8_16.odb,Step-1,Increment      1: Step Time =    1.000,"PART-1-1",           363,         -1.25,           -5.,            0.,NA,NA,"",   172.099E-03,   107.742E-03,  -134.200E-03,   1.14814E-03
C:/temp/dataset/8/8_16.odb,Step-1,Increment      1: Step Time =    1.000,"PART-1-1",           364,  -13.9379E-03,      -3.76263,            0.,NA,NA,"",   200.670E-03,   127.803E-03,  -154.708E-03,   1.09760E-03
C:/temp/dataset/8/8_16.odb,Step-1,Increment      1: Step Time =    1.000,"PART-1-1",           365,      -1.32837,      -2.50582,            0.,NA,NA,"",   197.895E-03,   145.959E-03,  -133.636E-03,   1.41185E-03
C:/temp/dataset/8/8_16.odb,Step-1,Increment      1: Step Time =    1.000,"PART-1-1",           366,      -2.56444,      -3.74319,            0.,NA,NA,"",   170.009E-03,   127.612E-03,  -112.330E-03,   934.665E-06
C:/temp/dataset/8/8_16.odb,Step-1,Increment      1: Step Time =    1.000,"PART-1-1",           367,       1.21115,      -2.54764,            0.,NA,NA,"",   226.181E-03,   144.809E-03,  -173.747E-03,   1.01874E-03
C:/temp/dataset/8/8_16.odb,Step-1,Increment      1: Step Time =    1.000,"PART-1-1",           368,          1.25,           -5.,            0.,NA,NA,"",   205.849E-03,   111.955E-03,  -172.742E-03,   2.46102E-03
C:/temp/dataset/8/8_16.odb,Step-1,Increment      1: Step Time =    1.000,"PART-1-1",           369,       2.47509,      -3.78501,            0.,NA,NA,"",   230.369E-03,   129.706E-03,  -190.384E-03,   1.77284E-03
C:/temp/dataset/8/8_16.odb,Step-1,Increment      1: Step Time =    1.000,"PART-1-1",           370,      -2.43569,       1.26731,            0.,NA,NA,"",   233.399E-03,   202.408E-03,  -116.216E-03,   477.392E-06
C:/temp/dataset/8/8_16.odb,Step-1,Increment      1: Step Time =    1.000,"PART-1-1",           371,      -1.22667,  -11.4661E-03,            0.,NA,NA,"",   227.046E-03,   182.338E-03,  -135.288E-03,   1.04370E-03
C:/temp/dataset/8/8_16.odb,Step-1,Increment      1: Step Time =    1.000,"PART-1-1",           372,   33.9799E-03,       1.22985,            0.,NA,NA,"",   253.036E-03,   200.000E-03,  -155.008E-03,   1.06333E-03
C:/temp/dataset/8/8_16.odb,Step-1,Increment      1: Step Time =    1.000,"PART-1-1",           373,      -1.17505,       2.50863,            0.,NA,NA,"",   259.302E-03,   220.920E-03,  -135.763E-03,   701.554E-06
C:/temp/dataset/8/8_16.odb,Step-1,Increment      1: Step Time =    1.000,"PART-1-1",           374,       4.76976,      -1.42993,            0.,NA,NA,"",   274.453E-03,   161.287E-03,  -222.061E-03,   4.68444E-03
C:/temp/dataset/8/8_16.odb,Step-1,Increment      1: Step Time =    1.000,"PART-1-1",           375,       3.63028,  -144.527E-03,            0.,NA,NA,"",   275.594E-03,   177.539E-03,  -210.789E-03,   2.82320E-03
C:/temp/dataset/8/8_16.odb,Step-1,Increment      1: Step Time =    1.000,"PART-1-1",           376,       2.47175,      -1.31182,            0.,NA,NA,"",   250.910E-03,   161.004E-03,  -192.440E-03,   977.981E-06
C:/temp/dataset/8/8_16.odb,Step-1,Increment      1: Step Time =    1.000,"PART-1-1",           377,       3.61124,      -2.59722,            0.,NA,NA,"",   250.530E-03,   144.495E-03,  -204.662E-03,   2.28603E-03
C:/temp/dataset/8/8_16.odb,Step-1,Increment      1: Step Time =    1.000,"PART-1-1",           378,       11.8901,      -2.20917,            0.,NA,NA,"",   353.529E-03,   185.683E-03,  -300.839E-03,   12.9867E-03
C:/temp/dataset/8/8_16.odb,Step-1,Increment      1: Step Time =    1.000,"PART-1-1",           379,       10.4501,      -2.71998,            0.,NA,NA,"",   326.430E-03,   171.697E-03,  -277.626E-03,   12.0717E-03
C:/temp/dataset/8/8_16.odb,Step-1,Increment      1: Step Time =    1.000,"PART-1-1",           380,       10.9024,      -4.22992,            0.,NA,NA,"",   310.097E-03,   158.819E-03,  -266.339E-03,   12.2317E-03
C:/temp/dataset/8/8_16.odb,Step-1,Increment      1: Step Time =    1.000,"PART-1-1",           381,       12.3424,      -3.71911,            0.,NA,NA,"",   335.837E-03,   172.182E-03,  -288.340E-03,   13.1456E-03
C:/temp/dataset/8/8_16.odb,Step-1,Increment      1: Step Time =    1.000,"PART-1-1",           382,       13.7991,   56.7775E-03,            0.,NA,NA,"",   419.156E-03,   225.516E-03,  -353.319E-03,   14.3990E-03
C:/temp/dataset/8/8_16.odb,Step-1,Increment      1: Step Time =    1.000,"PART-1-1",           383,           15.,       1.23750,            0.,NA,NA,"",   459.748E-03,   249.800E-03,  -385.964E-03,   15.2272E-03
C:/temp/dataset/8/8_16.odb,Step-1,Increment      1: Step Time =    1.000,"PART-1-1",           384,       13.5044,       2.67232,            0.,NA,NA,"",   463.385E-03,   261.286E-03,  -382.695E-03,   14.0193E-03
C:/temp/dataset/8/8_16.odb,Step-1,Increment      1: Step Time =    1.000,"PART-1-1",           385,       12.3035,       1.49160,            0.,NA,NA,"",   422.563E-03,   236.318E-03,  -350.304E-03,   13.2147E-03
C:/temp/dataset/8/8_16.odb,Step-1,Increment      1: Step Time =    1.000,"PART-1-1",           386,       9.21011,       8.08819,            0.,NA,NA,"",   495.283E-03,   328.450E-03,  -370.710E-03,   11.2562E-03
C:/temp/dataset/8/8_16.odb,Step-1,Increment      1: Step Time =    1.000,"PART-1-1",           387,       8.41229,       9.37574,            0.,NA,NA,"",   506.259E-03,   347.286E-03,  -368.363E-03,   11.0432E-03
C:/temp/dataset/8/8_16.odb,Step-1,Increment      1: Step Time =    1.000,"PART-1-1",           388,       7.22358,       8.63283,            0.,NA,NA,"",   471.831E-03,   329.038E-03,  -338.170E-03,   10.5275E-03
C:/temp/dataset/8/8_16.odb,Step-1,Increment      1: Step Time =    1.000,"PART-1-1",           389,       8.02141,       7.34528,            0.,NA,NA,"",   461.182E-03,   310.607E-03,  -340.899E-03,   10.7950E-03
C:/temp/dataset/8/8_16.odb,Step-1,Increment      1: Step Time =    1.000,"PART-1-1",           390,       12.4231,       13.7517,            0.,NA,NA,"",   675.323E-03,   452.458E-03,  -501.341E-03,   13.9050E-03
C:/temp/dataset/8/8_16.odb,Step-1,Increment      1: Step Time =    1.000,"PART-1-1",           391,       13.6407,       12.4035,            0.,NA,NA,"",   668.846E-03,   432.857E-03,  -509.892E-03,   14.5972E-03
C:/temp/dataset/8/8_16.odb,Step-1,Increment      1: Step Time =    1.000,"PART-1-1",           392,           15.,       13.6688,            0.,NA,NA,"",   726.329E-03,   467.467E-03,  -555.903E-03,   15.7909E-03
C:/temp/dataset/8/8_16.odb,Step-1,Increment      1: Step Time =    1.000,"PART-1-1",           393,       13.7824,       15.0169,            0.,NA,NA,"",   733.779E-03,   487.574E-03,  -548.364E-03,   15.0930E-03
C:/temp/dataset/8/8_16.odb,Step-1,Increment      1: Step Time =    1.000,"PART-1-1",           394,       7.56520,       19.0322,            0.,NA,NA,"",   703.486E-03,   547.532E-03,  -441.703E-03,   8.93646E-03
C:/temp/dataset/8/8_16.odb,Step-1,Increment      1: Step Time =    1.000,"PART-1-1",           395,       8.88910,       17.7874,            0.,NA,NA,"",   698.735E-03,   522.542E-03,  -463.875E-03,   10.8173E-03
C:/temp/dataset/8/8_16.odb,Step-1,Increment      1: Step Time =    1.000,"PART-1-1",           396,       10.1374,       19.3643,            0.,NA,NA,"",   763.924E-03,   566.256E-03,  -512.772E-03,   12.0161E-03
C:/temp/dataset/8/8_16.odb,Step-1,Increment      1: Step Time =    1.000,"PART-1-1",           397,       8.81352,       20.6091,            0.,NA,NA,"",   767.627E-03,   591.444E-03,  -489.332E-03,   10.4208E-03
C:/temp/dataset/8/8_16.odb,Step-1,Increment      1: Step Time =    1.000,"PART-1-1",           398,       4.93385,       28.8453,            0.,NA,NA,"",   925.548E-03,   829.517E-03,  -410.538E-03,   3.45598E-03
C:/temp/dataset/8/8_16.odb,Step-1,Increment      1: Step Time =    1.000,"PART-1-1",           399,          3.75,           30.,            0.,NA,NA,"",   941.655E-03,   864.347E-03,  -373.656E-03,   5.28892E-03
C:/temp/dataset/8/8_16.odb,Step-1,Increment      1: Step Time =    1.000,"PART-1-1",           400,       2.48155,       28.8240,            0.,NA,NA,"",   887.100E-03,   822.913E-03,  -331.303E-03,   3.02843E-03
C:/temp/dataset/8/8_16.odb,Step-1,Increment      1: Step Time =    1.000,"PART-1-1",           401,       3.66541,       27.6693,            0.,NA,NA,"",   868.338E-03,   787.425E-03,  -366.022E-03,   1.36877E-03
C:/temp/dataset/8/8_16.odb,Step-1,Increment      1: Step Time =    1.000,"PART-1-1",           402,   132.783E-03,       23.8710,            0.,NA,NA,"",   723.840E-03,   675.231E-03,  -260.782E-03,   968.938E-06
C:/temp/dataset/8/8_16.odb,Step-1,Increment      1: Step Time =    1.000,"PART-1-1",           403,       1.26611,       22.6290,            0.,NA,NA,"",   702.787E-03,   638.802E-03,  -292.987E-03,   1.41739E-03
C:/temp/dataset/8/8_16.odb,Step-1,Increment      1: Step Time =    1.000,"PART-1-1",           404,       2.48677,       23.9209,            0.,NA,NA,"",   748.906E-03,   673.442E-03,  -327.621E-03,   1.17835E-03
C:/temp/dataset/8/8_16.odb,Step-1,Increment      1: Step Time =    1.000,"PART-1-1",           405,       1.35344,       25.1629,            0.,NA,NA,"",   769.757E-03,   710.884E-03,  -295.245E-03,   786.135E-06
C:/temp/dataset/8/8_16.odb,Step-1,Increment      1: Step Time =    1.000,"PART-1-1",           406,      -5.93264,       26.7394,            0.,NA,NA,"",   762.462E-03,   755.850E-03,  -100.191E-03,   1.14250E-03
C:/temp/dataset/8/8_16.odb,Step-1,Increment      1: Step Time =    1.000,"PART-1-1",           407,      -5.38454,       25.2802,            0.,NA,NA,"",   725.800E-03,   716.929E-03,  -113.130E-03,   927.439E-06
C:/temp/dataset/8/8_16.odb,Step-1,Increment      1: Step Time =    1.000,"PART-1-1",           408,      -3.59728,       25.9693,            0.,NA,NA,"",   752.826E-03,   735.659E-03,  -159.850E-03,   880.416E-06
C:/temp/dataset/8/8_16.odb,Step-1,Increment      1: Step Time =    1.000,"PART-1-1",           409,      -4.14538,       27.4285,            0.,NA,NA,"",   788.874E-03,   775.135E-03,  -146.592E-03,   1.22186E-03
C:/temp/dataset/8/8_16.odb,Step-1,Increment      1: Step Time =    1.000,"PART-1-1",           410,      -13.7907,       17.4908,            0.,NA,NA,"",   531.461E-03,   523.982E-03,   88.8483E-03,   1.70640E-03
C:/temp/dataset/8/8_16.odb,Step-1,Increment      1: Step Time =    1.000,"PART-1-1",           411,      -12.5378,       18.7233,            0.,NA,NA,"",   555.647E-03,   552.313E-03,   60.7753E-03,   1.21827E-03
C:/temp/dataset/8/8_16.odb,Step-1,Increment      1: Step Time =    1.000,"PART-1-1",           412,      -13.7471,       19.9825,            0.,NA,NA,"",   591.125E-03,   584.150E-03,   90.5413E-03,   1.45038E-03
C:/temp/dataset/8/8_16.odb,Step-1,Increment      1: Step Time =    1.000,"PART-1-1",           413,          -15.,         18.75,            0.,NA,NA,"",   568.060E-03,   555.417E-03,   119.181E-03,   2.01061E-03
C:/temp/dataset/8/8_16.odb,Step-1,Increment      1: Step Time =    1.000,"PART-1-1",           414,      -7.55517,       18.6200,            0.,NA,NA,"",   549.677E-03,   546.859E-03,  -55.5906E-03,   553.902E-06
C:/temp/dataset/8/8_16.odb,Step-1,Increment      1: Step Time =    1.000,"PART-1-1",           415,      -6.28340,       17.4693,            0.,NA,NA,"",   526.747E-03,   519.996E-03,  -84.0624E-03,   1.38933E-03
C:/temp/dataset/8/8_16.odb,Step-1,Increment      1: Step Time =    1.000,"PART-1-1",           416,           -5.,         18.75,            0.,NA,NA,"",   562.373E-03,   550.190E-03,  -116.420E-03,   2.17560E-03
C:/temp/dataset/8/8_16.odb,Step-1,Increment      1: Step Time =    1.000,"PART-1-1",           417,      -6.27177,       19.9007,            0.,NA,NA,"",   583.380E-03,   576.806E-03,  -87.3353E-03,   1.20421E-03
C:/temp/dataset/8/8_16.odb,Step-1,Increment      1: Step Time =    1.000,"PART-1-1",           418,            5.,         18.75,            0.,NA,NA,"",   651.775E-03,   532.484E-03,  -375.860E-03,   8.19162E-03
C:/temp/dataset/8/8_16.odb,Step-1,Increment      1: Step Time =    1.000,"PART-1-1",           419,       6.32405,       17.6046,            0.,NA,NA,"",   646.414E-03,   508.468E-03,  -399.139E-03,   8.76824E-03
C:/temp/dataset/8/8_16.odb,Step-1,Increment      1: Step Time =    1.000,"PART-1-1",           420,       6.24114,       20.1776,            0.,NA,NA,"",   707.769E-03,   572.410E-03,  -416.273E-03,   7.54960E-03
C:/temp/dataset/8/8_16.odb,Step-1,Increment      1: Step Time =    1.000,"PART-1-1",           421,       5.95216,       22.8319,            0.,NA,NA,"",   769.576E-03,   641.623E-03,  -424.932E-03,   5.45023E-03
C:/temp/dataset/8/8_16.odb,Step-1,Increment      1: Step Time =    1.000,"PART-1-1",           422,       6.99338,       24.1522,            0.,NA,NA,"",   824.559E-03,   681.245E-03,  -464.547E-03,   7.33711E-03
C:/temp/dataset/8/8_16.odb,Step-1,Increment      1: Step Time =    1.000,"PART-1-1",           423,       5.83989,       25.3294,            0.,NA,NA,"",   835.069E-03,   714.038E-03,  -433.002E-03,   4.63110E-03
C:/temp/dataset/8/8_16.odb,Step-1,Increment      1: Step Time =    1.000,"PART-1-1",           424,       4.79866,       24.0091,            0.,NA,NA,"",   781.740E-03,   674.353E-03,  -395.432E-03,   2.61841E-03
C:/temp/dataset/8/8_16.odb,Step-1,Increment      1: Step Time =    1.000,"PART-1-1",           425,         -6.25,          -30.,            0.,NA,NA,"",            0.,  -692.250E-42,  -603.347E-42,   815.268E-06
C:/temp/dataset/8/8_16.odb,Step-1,Increment      1: Step Time =    1.000,"PART-1-1",           426,      -4.93028,      -28.8663,            0.,NA,NA,"",   1.18984E-03,  -1.12862E-03,  -376.751E-06,   693.715E-06
C:/temp/dataset/8/8_16.odb,Step-1,Increment      1: Step Time =    1.000,"PART-1-1",           427,      -6.04679,      -27.7538,            0.,NA,NA,"",   1.82725E-03,  -1.72860E-03,  -592.285E-06,   484.089E-06
C:/temp/dataset/8/8_16.odb,Step-1,Increment      1: Step Time =    1.000,"PART-1-1",           428,      -7.36652,      -28.8875,            0.,NA,NA,"",   1.09015E-03,  -1.07870E-03,  -157.556E-06,   612.609E-06
C:/temp/dataset/8/8_16.odb,Step-1,Increment      1: Step Time =    1.000,"PART-1-1",           429,       8.56540,       1.05942,            0.,NA,NA,"",   359.161E-03,   209.716E-03,  -291.574E-03,   10.4257E-03
C:/temp/dataset/8/8_16.odb,Step-1,Increment      1: Step Time =    1.000,"PART-1-1",           430,       8.80633,       2.55373,            0.,NA,NA,"",   387.938E-03,   233.733E-03,  -309.620E-03,   10.7587E-03
C:/temp/dataset/8/8_16.odb,Step-1,Increment      1: Step Time =    1.000,"PART-1-1",           431,       6.83858,       2.89251,            0.,NA,NA,"",   362.959E-03,   230.771E-03,  -280.150E-03,   9.12661E-03
C:/temp/dataset/8/8_16.odb,Step-1,Increment      1: Step Time =    1.000,"PART-1-1",           432,       6.59765,       1.39821,            0.,NA,NA,"",   335.367E-03,   206.237E-03,  -264.457E-03,   8.23273E-03
C:/temp/dataset/8/8_16.odb,Step-1,Increment      1: Step Time =    1.000,"PART-1-1",           433,       5.99067,      -9.88568,            0.,NA,NA,"",   186.486E-03,   87.8279E-03,  -164.509E-03,   10.5482E-03
C:/temp/dataset/8/8_16.odb,Step-1,Increment      1: Step Time =    1.000,"PART-1-1",           434,            5.,        -11.25,            0.,NA,NA,"",   161.920E-03,   73.3110E-03,  -144.373E-03,   10.3319E-03
C:/temp/dataset/8/8_16.odb,Step-1,Increment      1: Step Time =    1.000,"PART-1-1",           435,       6.38802,      -12.3580,            0.,NA,NA,"",   160.918E-03,   72.2629E-03,  -143.780E-03,   10.8613E-03
C:/temp/dataset/8/8_16.odb,Step-1,Increment      1: Step Time =    1.000,"PART-1-1",           436,       7.37869,      -10.9937,            0.,NA,NA,"",   186.051E-03,   86.5036E-03,  -164.719E-03,   11.0238E-03
C:/temp/dataset/8/8_16.odb,Step-1,Increment      1: Step Time =    1.000,"PART-1-1",           437,       13.7989,      -7.70794,            0.,NA,NA,"",   293.545E-03,   145.250E-03,  -255.090E-03,   13.4388E-03
C:/temp/dataset/8/8_16.odb,Step-1,Increment      1: Step Time =    1.000,"PART-1-1",           438,       13.8976,      -10.2092,            0.,NA,NA,"",   259.224E-03,   126.872E-03,  -226.054E-03,   13.0841E-03
C:/temp/dataset/8/8_16.odb,Step-1,Increment      1: Step Time =    1.000,"PART-1-1",           439,           15.,      -8.79375,            0.,NA,NA,"",   290.118E-03,   144.078E-03,  -251.814E-03,   13.7516E-03
C:/temp/dataset/8/8_16.odb,Step-1,Increment      1: Step Time =    1.000,"PART-1-1",           440,       13.6474,      -17.7374,            0.,NA,NA,"",   158.250E-03,   76.0621E-03,  -138.772E-03,   12.2660E-03
C:/temp/dataset/8/8_16.odb,Step-1,Increment      1: Step Time =    1.000,"PART-1-1",           441,           15.,      -16.3312,            0.,NA,NA,"",   187.569E-03,   92.4493E-03,  -163.203E-03,   12.5963E-03
C:/temp/dataset/8/8_16.odb,Step-1,Increment      1: Step Time =    1.000,"PART-1-1",           442,       12.6422,      -19.1389,            0.,NA,NA,"",   132.479E-03,   61.9007E-03,  -117.128E-03,   12.1051E-03
C:/temp/dataset/8/8_16.odb,Step-1,Increment      1: Step Time =    1.000,"PART-1-1",           443,       13.9948,      -20.2453,            0.,NA,NA,"",   129.185E-03,   62.5850E-03,  -113.012E-03,   12.4189E-03
C:/temp/dataset/8/8_16.odb,Step-1,Increment      1: Step Time =    1.000,"PART-1-1",           444,           15.,      -18.8438,            0.,NA,NA,"",   155.217E-03,   76.7883E-03,  -134.892E-03,   12.5630E-03
C:/temp/dataset/8/8_16.odb,Step-1,Increment      1: Step Time =    1.000,"PART-1-1",           445,      -5.97701,      -22.8169,            0.,NA,NA,"",   3.62343E-03,   497.479E-06,  -3.58912E-03,   1.52918E-03
C:/temp/dataset/8/8_16.odb,Step-1,Increment      1: Step Time =    1.000,"PART-1-1",           446,      -7.08093,      -24.1906,            0.,NA,NA,"",   2.25153E-03,  -1.26629E-03,  -1.86169E-03,   843.063E-06
C:/temp/dataset/8/8_16.odb,Step-1,Increment      1: Step Time =    1.000,"PART-1-1",           447,      -5.92665,      -25.3891,            0.,NA,NA,"",   2.14175E-03,  -1.53633E-03,  -1.49224E-03,   578.907E-06
C:/temp/dataset/8/8_16.odb,Step-1,Increment      1: Step Time =    1.000,"PART-1-1",           448,      -4.82272,      -24.0154,            0.,NA,NA,"",   2.31868E-03,  -178.042E-06,  -2.31183E-03,   1.21802E-03
C:/temp/dataset/8/8_16.odb,Step-1,Increment      1: Step Time =    1.000,"PART-1-1",           449,      -9.79394,      -28.8556,            0.,NA,NA,"",   1.12743E-03,  -1.10867E-03,   204.825E-06,   665.159E-06
C:/temp/dataset/8/8_16.odb,Step-1,Increment      1: Step Time =    1.000,"PART-1-1",           450,      -10.8857,      -27.4291,            0.,NA,NA,"",   2.03611E-03,  -1.77916E-03,   990.116E-06,   744.709E-06
C:/temp/dataset/8/8_16.odb,Step-1,Increment      1: Step Time =    1.000,"PART-1-1",           451,      -12.3417,      -28.5735,            0.,NA,NA,"",   1.24085E-03,  -917.999E-06,   834.856E-06,   927.483E-06
C:/temp/dataset/8/8_16.odb,Step-1,Increment      1: Step Time =    1.000,"PART-1-1",           452,        -11.25,          -30.,            0.,NA,NA,"",            0.,  -668.471E-42,   853.944E-42,   755.114E-06
C:/temp/dataset/8/8_16.odb,Step-1,Increment      1: Step Time =    1.000,"PART-1-1",           453,      -13.5416,       7.35537,            0.,NA,NA,"",   314.583E-03,   307.111E-03,   68.1526E-03,   2.15887E-03
C:/temp/dataset/8/8_16.odb,Step-1,Increment      1: Step Time =    1.000,"PART-1-1",           454,          -15.,          6.25,            0.,NA,NA,"",   303.043E-03,   288.501E-03,   92.7470E-03,   2.96174E-03
C:/temp/dataset/8/8_16.odb,Step-1,Increment      1: Step Time =    1.000,"PART-1-1",           455,      -13.9209,       4.81128,            0.,NA,NA,"",   270.551E-03,   261.269E-03,   70.2600E-03,   2.38371E-03
C:/temp/dataset/8/8_16.odb,Step-1,Increment      1: Step Time =    1.000,"PART-1-1",           456,      -12.4625,       5.91665,            0.,NA,NA,"",   283.191E-03,   279.399E-03,   46.1830E-03,   1.59298E-03
C:/temp/dataset/8/8_16.odb,Step-1,Increment      1: Step Time =    1.000,"PART-1-1",           457,      -14.0708,       2.40501,            0.,NA,NA,"",   230.894E-03,   220.681E-03,   67.9130E-03,   2.44898E-03
C:/temp/dataset/8/8_16.odb,Step-1,Increment      1: Step Time =    1.000,"PART-1-1",           458,          -15.,          1.25,            0.,NA,NA,"",   218.530E-03,   203.291E-03,   80.1757E-03,   2.97960E-03
C:/temp/dataset/8/8_16.odb,Step-1,Increment      1: Step Time =    1.000,"PART-1-1",           459,      -13.9250,  -19.9917E-03,            0.,NA,NA,"",   191.869E-03,   182.045E-03,   60.6079E-03,   2.42739E-03
C:/temp/dataset/8/8_16.odb,Step-1,Increment      1: Step Time =    1.000,"PART-1-1",           460,      -12.9958,       1.13502,            0.,NA,NA,"",   204.866E-03,   199.064E-03,   48.4111E-03,   1.88189E-03
C:/temp/dataset/8/8_16.odb,Step-1,Increment      1: Step Time =    1.000,"PART-1-1",           461,      -13.6379,      -2.69968,            0.,NA,NA,"",   151.105E-03,   142.279E-03,   50.8874E-03,   2.45880E-03
C:/temp/dataset/8/8_16.odb,Step-1,Increment      1: Step Time =    1.000,"PART-1-1",           462,          -15.,         -3.75,            0.,NA,NA,"",   145.868E-03,   129.823E-03,   66.5085E-03,   3.46428E-03
C:/temp/dataset/8/8_16.odb,Step-1,Increment      1: Step Time =    1.000,"PART-1-1",           463,      -14.1619,      -5.01388,            0.,NA,NA,"",   123.696E-03,   112.138E-03,   52.2088E-03,   3.01520E-03
C:/temp/dataset/8/8_16.odb,Step-1,Increment      1: Step Time =    1.000,"PART-1-1",           464,      -12.7999,      -3.96356,            0.,NA,NA,"",   129.589E-03,   124.070E-03,   37.4167E-03,   2.03476E-03
C:/temp/dataset/8/8_16.odb,Step-1,Increment      1: Step Time =    1.000,"PART-1-1",           465,          -15.,         -8.75,            0.,NA,NA,"",   87.5873E-03,   71.7408E-03,   50.2474E-03,   3.75960E-03
C:/temp/dataset/8/8_16.odb,Step-1,Increment      1: Step Time =    1.000,"PART-1-1",           466,      -13.7347,      -9.99741,            0.,NA,NA,"",   67.8810E-03,   58.2408E-03,   34.8688E-03,   2.76606E-03
C:/temp/dataset/8/8_16.odb,Step-1,Increment      1: Step Time =    1.000,"PART-1-1",           467,      -12.3830,      -8.57467,            0.,NA,NA,"",   74.3575E-03,   70.0403E-03,   24.9679E-03,   1.77424E-03
C:/temp/dataset/8/8_16.odb,Step-1,Increment      1: Step Time =    1.000,"PART-1-1",           468,      -13.6483,      -7.32726,            0.,NA,NA,"",   93.5603E-03,   84.3521E-03,   40.4754E-03,   2.75405E-03
C:/temp/dataset/8/8_16.odb,Step-1,Increment      1: Step Time =    1.000,"PART-1-1",           469,      -11.2230,      -10.0773,            0.,NA,NA,"",   56.6766E-03,   55.3311E-03,   12.2761E-03,   889.630E-06
C:/temp/dataset/8/8_16.odb,Step-1,Increment      1: Step Time =    1.000,"PART-1-1",           470,      -9.87779,      -9.01965,            0.,NA,NA,"",   64.4919E-03,   64.4919E-03,   16.3997E-06,   308.556E-06
C:/temp/dataset/8/8_16.odb,Step-1,Increment      1: Step Time =    1.000,"PART-1-1",           471,      -11.0378,      -7.51697,            0.,NA,NA,"",   80.8301E-03,   79.8869E-03,   12.3125E-03,   897.535E-06
C:/temp/dataset/8/8_16.odb,Step-1,Increment      1: Step Time =    1.000,"PART-1-1",           472,       1.25332,  -40.8297E-03,            0.,NA,NA,"",   250.523E-03,   179.692E-03,  -174.564E-03,   1.26748E-03
C:/temp/dataset/8/8_16.odb,Step-1,Increment      1: Step Time =    1.000,"PART-1-1",           473,  -7.28452E-03,      -1.27665,            0.,NA,NA,"",   224.917E-03,   162.996E-03,  -154.984E-03,   1.23788E-03
C:/temp/dataset/8/8_16.odb,Step-1,Increment      1: Step Time =    1.000,"PART-1-1",           474,       3.65826,       22.6797,            0.,NA,NA,"",   731.236E-03,   636.705E-03,  -359.601E-03,   1.58715E-03
C:/temp/dataset/8/8_16.odb,Step-1,Increment      1: Step Time =    1.000,"PART-1-1",           475,       2.49339,       21.3176,            0.,NA,NA,"",   684.360E-03,   600.996E-03,  -327.340E-03,   1.44481E-03
C:/temp/dataset/8/8_16.odb,Step-1,Increment      1: Step Time =    1.000,"PART-1-1",           476,          3.75,           20.,            0.,NA,NA,"",   670.304E-03,   564.952E-03,  -360.745E-03,   1.58978E-03
C:/temp/dataset/8/8_16.odb,Step-1,Increment      1: Step Time =    1.000,"PART-1-1",           477,       4.91487,       21.3621,            0.,NA,NA,"",   715.432E-03,   599.829E-03,  -389.933E-03,   4.10202E-03
C:/temp/dataset/8/8_16.odb,Step-1,Increment      1: Step Time =    1.000,"PART-1-1",           478,       12.6680,       11.1714,            0.,NA,NA,"",   622.069E-03,   402.924E-03,  -473.943E-03,   13.7992E-03
C:/temp/dataset/8/8_16.odb,Step-1,Increment      1: Step Time =    1.000,"PART-1-1",           479,       14.0273,       9.92409,            0.,NA,NA,"",   620.901E-03,   387.946E-03,  -484.784E-03,   14.4807E-03
C:/temp/dataset/8/8_16.odb,Step-1,Increment      1: Step Time =    1.000,"PART-1-1",           480,           15.,       11.1563,            0.,NA,NA,"",   667.155E-03,   417.511E-03,  -520.365E-03,   15.2837E-03
C:/temp/dataset/8/8_16.odb,Step-1,Increment      1: Step Time =    1.000,"PART-1-1",           481,       14.0536,       7.56100,            0.,NA,NA,"",   570.894E-03,   345.589E-03,  -454.410E-03,   14.2240E-03
C:/temp/dataset/8/8_16.odb,Step-1,Increment      1: Step Time =    1.000,"PART-1-1",           482,       12.9489,       6.56322,            0.,NA,NA,"",   530.617E-03,   321.543E-03,  -422.096E-03,   13.5492E-03
C:/temp/dataset/8/8_16.odb,Step-1,Increment      1: Step Time =    1.000,"PART-1-1",           483,       13.8953,       5.18972,            0.,NA,NA,"",   519.407E-03,   304.072E-03,  -421.098E-03,   14.1032E-03
C:/temp/dataset/8/8_16.odb,Step-1,Increment      1: Step Time =    1.000,"PART-1-1",           484,           15.,        6.1875,            0.,NA,NA,"",   559.278E-03,   327.913E-03,  -453.062E-03,   14.7524E-03
C:/temp/dataset/8/8_16.odb,Step-1,Increment      1: Step Time =    1.000,"PART-1-1",           485,       6.19023,       9.87877,            0.,NA,NA,"",   478.402E-03,   346.320E-03,  -330.048E-03,   9.85006E-03
C:/temp/dataset/8/8_16.odb,Step-1,Increment      1: Step Time =    1.000,"PART-1-1",           486,            5.,          8.75,            0.,NA,NA,"",   438.418E-03,   321.221E-03,  -298.375E-03,   9.55985E-03
C:/temp/dataset/8/8_16.odb,Step-1,Increment      1: Step Time =    1.000,"PART-1-1",           487,       6.03335,       7.50406,            0.,NA,NA,"",   431.368E-03,   305.283E-03,  -304.763E-03,   10.2484E-03
C:/temp/dataset/8/8_16.odb,Step-1,Increment      1: Step Time =    1.000,"PART-1-1",           488,   27.3265E-03,       3.74387,            0.,NA,NA,"",   285.436E-03,   240.050E-03,  -154.433E-03,   354.277E-06
C:/temp/dataset/8/8_16.odb,Step-1,Increment      1: Step Time =    1.000,"PART-1-1",           489,         -1.25,            5.,            0.,NA,NA,"",   292.697E-03,   259.866E-03,  -134.688E-03,   284.221E-06
C:/temp/dataset/8/8_16.odb,Step-1,Increment      1: Step Time =    1.000,"PART-1-1",           490,      -2.45237,       3.76475,            0.,NA,NA,"",   267.863E-03,   241.198E-03,  -116.508E-03,   373.911E-06
C:/temp/dataset/8/8_16.odb,Step-1,Increment      1: Step Time =    1.000,"PART-1-1",           491,      -3.55115,       2.55808,            0.,NA,NA,"",   244.158E-03,   222.747E-03,  -99.9854E-03,   798.188E-06
C:/temp/dataset/8/8_16.odb,Step-1,Increment      1: Step Time =    1.000,"PART-1-1",           492,         -3.75,            5.,            0.,NA,NA,"",   277.955E-03,   260.215E-03,  -97.7099E-03,   1.17776E-03
C:/temp/dataset/8/8_16.odb,Step-1,Increment      1: Step Time =    1.000,"PART-1-1",           493,      -4.84878,       3.79333,            0.,NA,NA,"",   255.755E-03,   242.092E-03,  -82.4742E-03,   2.00972E-03
C:/temp/dataset/8/8_16.odb,Step-1,Increment      1: Step Time =    1.000,"PART-1-1",           494,      -13.7266,       27.6069,            0.,NA,NA,"",   783.679E-03,   778.177E-03,   92.6941E-03,   272.450E-06
C:/temp/dataset/8/8_16.odb,Step-1,Increment      1: Step Time =    1.000,"PART-1-1",           495,          -15.,         26.25,            0.,NA,NA,"",   754.460E-03,   744.020E-03,   125.074E-03,   354.581E-06
C:/temp/dataset/8/8_16.odb,Step-1,Increment      1: Step Time =    1.000,"PART-1-1",           496,      -13.4390,       25.0675,            0.,NA,NA,"",   718.019E-03,   712.892E-03,   85.6503E-03,   702.918E-06
C:/temp/dataset/8/8_16.odb,Step-1,Increment      1: Step Time =    1.000,"PART-1-1",           497,      -12.1656,       26.4243,            0.,NA,NA,"",   749.301E-03,   747.349E-03,   54.0496E-03,   754.195E-06
C:/temp/dataset/8/8_16.odb,Step-1,Increment      1: Step Time =    1.000,"PART-1-1",           498,      -3.53423,       23.8764,            0.,NA,NA,"",   697.386E-03,   678.668E-03,  -160.489E-03,   412.340E-06
C:/temp/dataset/8/8_16.odb,Step-1,Increment      1: Step Time =    1.000,"PART-1-1",           499,      -4.97219,       24.1974,            0.,NA,NA,"",   698.736E-03,   687.814E-03,  -123.061E-03,   764.539E-06
C:/temp/dataset/8/8_16.odb,Step-1,Increment      1: Step Time =    1.000,"PART-1-1",           500,      -5.34958,       22.7893,            0.,NA,NA,"",   660.155E-03,   650.487E-03,  -112.567E-03,   685.855E-06
C:/temp/dataset/8/8_16.odb,Step-1,Increment      1: Step Time =    1.000,"PART-1-1",           501,      -3.91162,       22.4683,            0.,NA,NA,"",   658.446E-03,   641.162E-03,  -149.873E-03,   523.137E-06
C:/temp/dataset/8/8_16.odb,Step-1,Increment      1: Step Time =    1.000,"PART-1-1",           502,      -12.4008,       21.2127,            0.,NA,NA,"",   616.528E-03,   613.696E-03,   59.0278E-03,   1.14122E-03
C:/temp/dataset/8/8_16.odb,Step-1,Increment      1: Step Time =    1.000,"PART-1-1",           503,      -13.6537,       22.4802,            0.,NA,NA,"",   652.948E-03,   646.696E-03,   90.1374E-03,   1.08797E-03
C:/temp/dataset/8/8_16.odb,Step-1,Increment      1: Step Time =    1.000,"PART-1-1",           504,          -15.,         21.25,            0.,NA,NA,"",   628.897E-03,   616.849E-03,   122.513E-03,   1.54289E-03
C:/temp/dataset/8/8_16.odb,Step-1,Increment      1: Step Time =    1.000,"PART-1-1",           505,      -8.82885,       17.4394,            0.,NA,NA,"",   520.103E-03,   519.490E-03,  -25.2391E-03,   396.196E-06
C:/temp/dataset/8/8_16.odb,Step-1,Increment      1: Step Time =    1.000,"PART-1-1",           506,      -8.77308,       19.8173,            0.,NA,NA,"",   577.188E-03,   576.543E-03,  -27.2779E-03,   684.971E-06
C:/temp/dataset/8/8_16.odb,Step-1,Increment      1: Step Time =    1.000,"PART-1-1",           507,      -10.0468,       18.6367,            0.,NA,NA,"",   548.505E-03,   548.498E-03,   2.71073E-03,   718.723E-06
C:/temp/dataset/8/8_16.odb,Step-1,Increment      1: Step Time =    1.000,"PART-1-1",           508,   22.7198E-03,       21.3114,            0.,NA,NA,"",   657.284E-03,   604.383E-03,  -258.348E-03,   1.32323E-03
C:/temp/dataset/8/8_16.odb,Step-1,Increment      1: Step Time =    1.000,"PART-1-1",           509,          1.25,           20.,            0.,NA,NA,"",   637.756E-03,   566.480E-03,  -292.973E-03,   944.129E-06
C:/temp/dataset/8/8_16.odb,Step-1,Increment      1: Step Time =    1.000,"PART-1-1",           510,       14.0304,       22.4987,            0.,NA,NA,"",   944.731E-03,   672.168E-03,  -663.858E-03,   16.8071E-03
C:/temp/dataset/8/8_16.odb,Step-1,Increment      1: Step Time =    1.000,"PART-1-1",           511,       12.8970,       21.3651,            0.,NA,NA,"",   882.442E-03,   633.355E-03,  -614.463E-03,   15.3190E-03
C:/temp/dataset/8/8_16.odb,Step-1,Increment      1: Step Time =    1.000,"PART-1-1",           512,       13.8666,       20.0727,            0.,NA,NA,"",   868.940E-03,   606.188E-03,  -622.570E-03,   16.1068E-03
C:/temp/dataset/8/8_16.odb,Step-1,Increment      1: Step Time =    1.000,"PART-1-1",           513,           15.,       21.2062,            0.,NA,NA,"",   929.910E-03,   644.015E-03,  -670.803E-03,   17.6199E-03
C:/temp/dataset/8/8_16.odb,Step-1,Increment      1: Step Time =    1.000,"PART-1-1",           514,       8.59704,       27.3306,            0.,NA,NA,"",   958.567E-03,   785.339E-03,  -549.631E-03,   12.9297E-03
C:/temp/dataset/8/8_16.odb,Step-1,Increment      1: Step Time =    1.000,"PART-1-1",           515,       9.95970,       28.5191,            0.,NA,NA,"",       1.04041,   836.156E-03,  -619.114E-03,   15.8197E-03
C:/temp/dataset/8/8_16.odb,Step-1,Increment      1: Step Time =    1.000,"PART-1-1",           516,          8.75,           30.,            0.,NA,NA,"",       1.06725,   887.247E-03,  -593.131E-03,   14.0068E-03
C:/temp/dataset/8/8_16.odb,Step-1,Increment      1: Step Time =    1.000,"PART-1-1",           517,       7.38734,       28.8115,            0.,NA,NA,"",   976.086E-03,   830.773E-03,  -512.406E-03,   9.97618E-03
C:/temp/dataset/8/8_16.odb,Step-1,Increment      1: Step Time =    1.000,"PART-1-1",           518,       7.27843,       21.6473,            0.,NA,NA,"",   763.314E-03,   612.850E-03,  -455.042E-03,   8.39056E-03
C:/temp/dataset/8/8_16.odb,Step-1,Increment      1: Step Time =    1.000,"PART-1-1",           519,   2.36529E-03,       28.7726,            0.,NA,NA,"",   857.037E-03,   816.787E-03,  -259.558E-03,   2.28441E-03
C:/temp/dataset/8/8_16.odb,Step-1,Increment      1: Step Time =    1.000,"PART-1-1",           520,       1.23392,       27.5966,            0.,NA,NA,"",   836.507E-03,   783.511E-03,  -293.011E-03,   1.59196E-03
C:/temp/dataset/8/8_16.odb,Step-1,Increment      1: Step Time =    1.000,"PART-1-1",           521,          1.25,           30.,            0.,NA,NA,"",   905.390E-03,   855.224E-03,  -297.193E-03,   3.89517E-03
C:/temp/dataset/8/8_16.odb,Step-1,Increment      1: Step Time =    1.000,"PART-1-1",           522,      -5.24302,       28.8844,            0.,NA,NA,"",   821.789E-03,   813.040E-03,  -119.601E-03,   1.50539E-03
C:/temp/dataset/8/8_16.odb,Step-1,Increment      1: Step Time =    1.000,"PART-1-1",           523,      -2.65236,       28.5441,            0.,NA,NA,"",   828.078E-03,   806.698E-03,  -186.954E-03,   1.73550E-03
C:/temp/dataset/8/8_16.odb,Step-1,Increment      1: Step Time =    1.000,"PART-1-1",           524,         -3.75,           30.,            0.,NA,NA,"",   859.171E-03,   844.203E-03,  -159.671E-03,   2.15416E-03
C:/temp/dataset/8/8_16.odb,Step-1,Increment      1: Step Time =    1.000,"PART-1-1",           525,      -7.66876,       29.0336,            0.,NA,NA,"",   817.064E-03,   814.980E-03,  -58.3173E-03,   1.09849E-03
C:/temp/dataset/8/8_16.odb,Step-1,Increment      1: Step Time =    1.000,"PART-1-1",           526,      -6.66179,       27.9180,            0.,NA,NA,"",   790.997E-03,   786.663E-03,  -82.6897E-03,   1.16743E-03
C:/temp/dataset/8/8_16.odb,Step-1,Increment      1: Step Time =    1.000,"PART-1-1",           527,         -6.25,           30.,            0.,NA,NA,"",   846.162E-03,   840.813E-03,  -94.9910E-03,   1.56400E-03
C:/temp/dataset/8/8_16.odb,Step-1,Increment      1: Step Time =    1.000,"PART-1-1",           528,      -8.85404,       25.1616,            0.,NA,NA,"",   714.362E-03,   713.863E-03,  -26.6761E-03,   1.18258E-03
C:/temp/dataset/8/8_16.odb,Step-1,Increment      1: Step Time =    1.000,"PART-1-1",           529,      -8.24061,       24.0412,            0.,NA,NA,"",   685.573E-03,   684.333E-03,  -41.2130E-03,   1.18216E-03
C:/temp/dataset/8/8_16.odb,Step-1,Increment      1: Step Time =    1.000,"PART-1-1",           530,      -6.78352,       24.7872,            0.,NA,NA,"",   708.077E-03,   703.818E-03,  -77.5431E-03,   1.09891E-03
C:/temp/dataset/8/8_16.odb,Step-1,Increment      1: Step Time =    1.000,"PART-1-1",           531,      -7.39696,       25.9076,            0.,NA,NA,"",   736.179E-03,   733.483E-03,  -62.9428E-03,   1.13334E-03
C:/temp/dataset/8/8_16.odb,Step-1,Increment      1: Step Time =    1.000,"PART-1-1",           532,      -12.4766,       28.8569,            0.,NA,NA,"",   811.914E-03,   809.613E-03,   61.0811E-03,   270.096E-06
C:/temp/dataset/8/8_16.odb,Step-1,Increment      1: Step Time =    1.000,"PART-1-1",           533,        -13.75,           30.,            0.,NA,NA,"",   843.829E-03,   838.732E-03,   92.6021E-03,   39.9681E-06
C:/temp/dataset/8/8_16.odb,Step-1,Increment      1: Step Time =    1.000,"PART-1-1",           534,          -15.,         28.75,            0.,NA,NA,"",   817.142E-03,   807.600E-03,   124.509E-03,   39.4383E-06
C:/temp/dataset/8/8_16.odb,Step-1,Increment      1: Step Time =    1.000,"PART-1-1",           535,      -7.56181,       16.2193,            0.,NA,NA,"",   493.971E-03,   491.103E-03,  -53.1552E-03,   894.719E-06
C:/temp/dataset/8/8_16.odb,Step-1,Increment      1: Step Time =    1.000,"PART-1-1",           536,      -6.27841,       15.0000,            0.,NA,NA,"",   470.789E-03,   463.902E-03,  -80.2309E-03,   1.51794E-03
C:/temp/dataset/8/8_16.odb,Step-1,Increment      1: Step Time =    1.000,"PART-1-1",           537,           -5.,         16.25,            0.,NA,NA,"",   505.196E-03,   492.808E-03,  -111.189E-03,   1.97725E-03
C:/temp/dataset/8/8_16.odb,Step-1,Increment      1: Step Time =    1.000,"PART-1-1",           538,      -8.82455,       15.0032,            0.,NA,NA,"",   464.141E-03,   463.519E-03,  -24.0173E-03,   495.356E-06
C:/temp/dataset/8/8_16.odb,Step-1,Increment      1: Step Time =    1.000,"PART-1-1",           539,      -10.0916,       16.2233,            0.,NA,NA,"",   491.653E-03,   491.638E-03,   3.75920E-03,   463.655E-06
C:/temp/dataset/8/8_16.odb,Step-1,Increment      1: Step Time =    1.000,"PART-1-1",           540,      -13.7530,       10.0200,            0.,NA,NA,"",   367.663E-03,   359.536E-03,   76.8754E-03,   2.15290E-03
C:/temp/dataset/8/8_16.odb,Step-1,Increment      1: Step Time =    1.000,"PART-1-1",           541,      -12.5412,       11.2886,            0.,NA,NA,"",   388.214E-03,   384.425E-03,   54.1073E-03,   1.47065E-03
C:/temp/dataset/8/8_16.odb,Step-1,Increment      1: Step Time =    1.000,"PART-1-1",           542,          -15.,         11.25,            0.,NA,NA,"",   400.398E-03,   386.456E-03,   104.740E-03,   2.72686E-03
C:/temp/dataset/8/8_16.odb,Step-1,Increment      1: Step Time =    1.000,"PART-1-1",           543,      -7.55812,       13.7752,            0.,NA,NA,"",   439.202E-03,   436.282E-03,  -50.5638E-03,   1.05424E-03
C:/temp/dataset/8/8_16.odb,Step-1,Increment      1: Step Time =    1.000,"PART-1-1",           544,      -6.27971,       12.5252,            0.,NA,NA,"",   416.619E-03,   409.609E-03,  -76.1007E-03,   1.67202E-03
C:/temp/dataset/8/8_16.odb,Step-1,Increment      1: Step Time =    1.000,"PART-1-1",           545,           -5.,         13.75,            0.,NA,NA,"",   449.635E-03,   436.936E-03,  -106.105E-03,   2.14489E-03
C:/temp/dataset/8/8_16.odb,Step-1,Increment      1: Step Time =    1.000,"PART-1-1",           546,      -7.73665,       8.67409,            0.,NA,NA,"",   332.159E-03,   329.621E-03,  -40.9847E-03,   1.12809E-03
C:/temp/dataset/8/8_16.odb,Step-1,Increment      1: Step Time =    1.000,"PART-1-1",           547,      -6.44095,       7.39158,            0.,NA,NA,"",   311.575E-03,   305.051E-03,  -63.4281E-03,   1.91900E-03
C:/temp/dataset/8/8_16.odb,Step-1,Increment      1: Step Time =    1.000,"PART-1-1",           548,           -5.,          8.75,            0.,NA,NA,"",   346.063E-03,   332.923E-03,  -94.4573E-03,   2.68014E-03
C:/temp/dataset/8/8_16.odb,Step-1,Increment      1: Step Time =    1.000,"PART-1-1",           549,      -6.29569,       10.0325,            0.,NA,NA,"",   364.629E-03,   357.578E-03,  -71.3593E-03,   1.83292E-03
C:/temp/dataset/8/8_16.odb,Step-1,Increment      1: Step Time =    1.000,"PART-1-1",           550,      -10.9758,       6.36562,            0.,NA,NA,"",   287.128E-03,   286.447E-03,   19.7630E-03,   870.401E-06
C:/temp/dataset/8/8_16.odb,Step-1,Increment      1: Step Time =    1.000,"PART-1-1",           551,      -11.8413,       4.12979,            0.,NA,NA,"",   249.658E-03,   247.434E-03,   33.2504E-03,   1.26439E-03
C:/temp/dataset/8/8_16.odb,Step-1,Increment      1: Step Time =    1.000,"PART-1-1",           552,      -10.3546,       4.57877,            0.,NA,NA,"",   254.436E-03,   254.311E-03,   7.94567E-03,   516.169E-06
C:/temp/dataset/8/8_16.odb,Step-1,Increment      1: Step Time =    1.000,"PART-1-1",           553,      -7.08205,   206.599E-03,            0.,NA,NA,"",   189.302E-03,   184.383E-03,  -42.8718E-03,   1.38400E-03
C:/temp/dataset/8/8_16.odb,Step-1,Increment      1: Step Time =    1.000,"PART-1-1",           554,      -6.69954,      -1.33924,            0.,NA,NA,"",   167.907E-03,   161.306E-03,  -46.6174E-03,   1.70935E-03
C:/temp/dataset/8/8_16.odb,Step-1,Increment      1: Step Time =    1.000,"PART-1-1",           555,      -5.21800,      -1.06475,            0.,NA,NA,"",   180.775E-03,   166.600E-03,  -70.1728E-03,   1.76371E-03
C:/temp/dataset/8/8_16.odb,Step-1,Increment      1: Step Time =    1.000,"PART-1-1",           556,      -5.60050,   481.094E-03,            0.,NA,NA,"",   200.942E-03,   189.697E-03,  -66.2778E-03,   1.36608E-03
C:/temp/dataset/8/8_16.odb,Step-1,Increment      1: Step Time =    1.000,"PART-1-1",           557,      -4.73446,       1.39984,            0.,NA,NA,"",   219.744E-03,   204.331E-03,  -80.8481E-03,   1.23968E-03
C:/temp/dataset/8/8_16.odb,Step-1,Increment      1: Step Time =    1.000,"PART-1-1",           558,      -3.61900,   109.065E-03,            0.,NA,NA,"",   208.837E-03,   184.883E-03,  -97.1135E-03,   987.111E-06
C:/temp/dataset/8/8_16.odb,Step-1,Increment      1: Step Time =    1.000,"PART-1-1",           559,      -7.98156,      -4.65830,            0.,NA,NA,"",   115.251E-03,   112.747E-03,  -23.8908E-03,   1.20096E-03
C:/temp/dataset/8/8_16.odb,Step-1,Increment      1: Step Time =    1.000,"PART-1-1",           560,      -6.28336,      -5.33649,            0.,NA,NA,"",   113.215E-03,   103.888E-03,  -44.9990E-03,   2.93080E-03
C:/temp/dataset/8/8_16.odb,Step-1,Increment      1: Step Time =    1.000,"PART-1-1",           561,      -5.33231,      -3.67126,            0.,NA,NA,"",   142.927E-03,   128.283E-03,  -63.0195E-03,   3.07709E-03
C:/temp/dataset/8/8_16.odb,Step-1,Increment      1: Step Time =    1.000,"PART-1-1",           562,      -7.03052,      -2.99307,            0.,NA,NA,"",   141.986E-03,   136.513E-03,  -39.0420E-03,   1.76646E-03
C:/temp/dataset/8/8_16.odb,Step-1,Increment      1: Step Time =    1.000,"PART-1-1",           563,      -9.50974,      -4.32763,            0.,NA,NA,"",   117.428E-03,   117.341E-03,  -4.50178E-03,   523.548E-06
C:/temp/dataset/8/8_16.odb,Step-1,Increment      1: Step Time =    1.000,"PART-1-1",           564,      -9.07232,      -2.62983,            0.,NA,NA,"",   141.313E-03,   140.896E-03,  -10.8458E-03,   711.911E-06
C:/temp/dataset/8/8_16.odb,Step-1,Increment      1: Step Time =    1.000,"PART-1-1",           565,      -11.0121,      -2.25769,            0.,NA,NA,"",   147.311E-03,   146.471E-03,   15.7065E-03,   872.315E-06
C:/temp/dataset/8/8_16.odb,Step-1,Increment      1: Step Time =    1.000,"PART-1-1",           566,      -11.4495,      -3.95549,            0.,NA,NA,"",   124.719E-03,   123.067E-03,   20.2314E-03,   1.20416E-03
C:/temp/dataset/8/8_16.odb,Step-1,Increment      1: Step Time =    1.000,"PART-1-1",           567,      -12.8102,      -6.09114,            0.,NA,NA,"",   103.024E-03,   97.3364E-03,   33.7574E-03,   2.09065E-03
C:/temp/dataset/8/8_16.odb,Step-1,Increment      1: Step Time =    1.000,"PART-1-1",           568,          -15.,         -6.25,            0.,NA,NA,"",   114.609E-03,   98.5128E-03,   58.5693E-03,   3.70508E-03
C:/temp/dataset/8/8_16.odb,Step-1,Increment      1: Step Time =    1.000,"PART-1-1",           569,      -12.4910,      -11.2807,            0.,NA,NA,"",   51.0888E-03,   46.2354E-03,   21.7335E-03,   1.77318E-03
C:/temp/dataset/8/8_16.odb,Step-1,Increment      1: Step Time =    1.000,"PART-1-1",           570,      -11.2625,      -12.5870,            0.,NA,NA,"",   37.4330E-03,   35.8443E-03,   10.7895E-03,   849.185E-06
C:/temp/dataset/8/8_16.odb,Step-1,Increment      1: Step Time =    1.000,"PART-1-1",           571,      -9.99448,      -11.3836,            0.,NA,NA,"",   44.3683E-03,   44.3477E-03,   1.35211E-03,   300.893E-06
C:/temp/dataset/8/8_16.odb,Step-1,Increment      1: Step Time =    1.000,"PART-1-1",           572,      -13.7563,      -12.5333,            0.,NA,NA,"",   47.9718E-03,   38.2608E-03,   28.9379E-03,   2.67206E-03
C:/temp/dataset/8/8_16.odb,Step-1,Increment      1: Step Time =    1.000,"PART-1-1",           573,          -15.,        -11.25,            0.,NA,NA,"",   64.9691E-03,   49.6403E-03,   41.9145E-03,   3.67546E-03
C:/temp/dataset/8/8_16.odb,Step-1,Increment      1: Step Time =    1.000,"PART-1-1",           574,      -8.71470,      -10.1608,            0.,NA,NA,"",   55.4237E-03,   54.4709E-03,  -10.2328E-03,   1.12419E-03
C:/temp/dataset/8/8_16.odb,Step-1,Increment      1: Step Time =    1.000,"PART-1-1",           575,      -7.42250,      -8.98868,            0.,NA,NA,"",   69.7988E-03,   65.5438E-03,  -23.9975E-03,   2.13222E-03
C:/temp/dataset/8/8_16.odb,Step-1,Increment      1: Step Time =    1.000,"PART-1-1",           576,      -8.58559,      -7.84754,            0.,NA,NA,"",   77.2072E-03,   75.9698E-03,  -13.7672E-03,   1.19123E-03
C:/temp/dataset/8/8_16.odb,Step-1,Increment      1: Step Time =    1.000,"PART-1-1",           577,      -7.50843,      -13.8545,            0.,NA,NA,"",   31.8151E-03,   28.3911E-03,  -14.3577E-03,   1.93758E-03
C:/temp/dataset/8/8_16.odb,Step-1,Increment      1: Step Time =    1.000,"PART-1-1",           578,      -6.25915,      -15.0553,            0.,NA,NA,"",   29.8856E-03,   22.8143E-03,  -19.3043E-03,   2.77875E-03
C:/temp/dataset/8/8_16.odb,Step-1,Increment      1: Step Time =    1.000,"PART-1-1",           579,           -5.,        -13.75,            0.,NA,NA,"",   44.2914E-03,   32.1373E-03,  -30.4781E-03,   3.70628E-03
C:/temp/dataset/8/8_16.odb,Step-1,Increment      1: Step Time =    1.000,"PART-1-1",           580,      -6.24927,      -12.5492,            0.,NA,NA,"",   46.0530E-03,   38.1837E-03,  -25.7465E-03,   2.88616E-03
C:/temp/dataset/8/8_16.odb,Step-1,Increment      1: Step Time =    1.000,"PART-1-1",           581,      -11.2908,      -17.6967,            0.,NA,NA,"",   11.8246E-03,   9.33073E-03,   7.26344E-03,   962.638E-06
C:/temp/dataset/8/8_16.odb,Step-1,Increment      1: Step Time =    1.000,"PART-1-1",           582,      -12.6364,      -18.8537,            0.,NA,NA,"",   12.9642E-03,   6.52141E-03,   11.2046E-03,   1.62460E-03
C:/temp/dataset/8/8_16.odb,Step-1,Increment      1: Step Time =    1.000,"PART-1-1",           583,      -11.4151,      -20.3877,            0.,NA,NA,"",   6.09353E-03,   2.23210E-03,   5.66999E-03,   1.05996E-03
C:/temp/dataset/8/8_16.odb,Step-1,Increment      1: Step Time =    1.000,"PART-1-1",           584,      -10.0695,      -19.2307,            0.,NA,NA,"",   4.76438E-03,   4.36190E-03,   1.91655E-03,   651.337E-06
C:/temp/dataset/8/8_16.odb,Step-1,Increment      1: Step Time =    1.000,"PART-1-1",           585,      -7.51548,      -16.3910,            0.,NA,NA,"",   17.9340E-03,   14.8225E-03,  -10.0955E-03,   1.74860E-03
C:/temp/dataset/8/8_16.odb,Step-1,Increment      1: Step Time =    1.000,"PART-1-1",           586,      -6.25633,      -17.5856,            0.,NA,NA,"",   16.7420E-03,   10.7102E-03,  -12.8680E-03,   2.66689E-03
C:/temp/dataset/8/8_16.odb,Step-1,Increment      1: Step Time =    1.000,"PART-1-1",           587,           -5.,        -16.25,            0.,NA,NA,"",   29.1238E-03,   18.5854E-03,  -22.4226E-03,   3.67785E-03
C:/temp/dataset/8/8_16.odb,Step-1,Increment      1: Step Time =    1.000,"PART-1-1",           588,      -10.0186,      -13.8764,            0.,NA,NA,"",   27.3100E-03,   27.2482E-03,   1.83653E-03,   314.534E-06
C:/temp/dataset/8/8_16.odb,Step-1,Increment      1: Step Time =    1.000,"PART-1-1",           589,      -8.77159,      -15.1281,            0.,NA,NA,"",   21.0353E-03,   20.3996E-03,  -5.13245E-03,   979.742E-06
C:/temp/dataset/8/8_16.odb,Step-1,Increment      1: Step Time =    1.000,"PART-1-1",           590,      -8.75544,      -12.6029,            0.,NA,NA,"",   36.5052E-03,   35.7193E-03,  -7.53397E-03,   1.06544E-03
C:/temp/dataset/8/8_16.odb,Step-1,Increment      1: Step Time =    1.000,"PART-1-1",           591,      -7.46407,      -18.9773,            0.,NA,NA,"",   8.28821E-03,   5.08166E-03,  -6.54760E-03,   1.22796E-03
C:/temp/dataset/8/8_16.odb,Step-1,Increment      1: Step Time =    1.000,"PART-1-1",           592,      -8.77449,      -17.7191,            0.,NA,NA,"",   9.42837E-03,   8.88425E-03,  -3.15662E-03,   794.396E-06
C:/temp/dataset/8/8_16.odb,Step-1,Increment      1: Step Time =    1.000,"PART-1-1",           593,      -8.75908,      -20.4889,            0.,NA,NA,"",   2.50401E-03,   1.68913E-03,  -1.84849E-03,   778.049E-06
C:/temp/dataset/8/8_16.odb,Step-1,Increment      1: Step Time =    1.000,"PART-1-1",           594,      -14.0314,      -22.4081,            0.,NA,NA,"",   9.14176E-03,   963.400E-06,   9.09086E-03,   1.89982E-03
C:/temp/dataset/8/8_16.odb,Step-1,Increment      1: Step Time =    1.000,"PART-1-1",           595,      -12.8952,      -21.1986,            0.,NA,NA,"",   8.87668E-03,   1.67459E-03,   8.71729E-03,   1.58862E-03
C:/temp/dataset/8/8_16.odb,Step-1,Increment      1: Step Time =    1.000,"PART-1-1",           596,      -13.8638,      -20.0405,            0.,NA,NA,"",   13.8129E-03,   4.62646E-03,   13.0151E-03,   2.16330E-03
C:/temp/dataset/8/8_16.odb,Step-1,Increment      1: Step Time =    1.000,"PART-1-1",           597,          -15.,        -21.25,            0.,NA,NA,"",   13.3993E-03,   3.50756E-03,   12.9321E-03,   2.52861E-03
C:/temp/dataset/8/8_16.odb,Step-1,Increment      1: Step Time =    1.000,"PART-1-1",           598,      -11.2673,      -23.1539,            0.,NA,NA,"",   3.72195E-03,  -1.22395E-03,   3.51494E-03,   960.018E-06
C:/temp/dataset/8/8_16.odb,Step-1,Increment      1: Step Time =    1.000,"PART-1-1",           599,      -10.1366,      -23.6180,            0.,NA,NA,"",   2.23178E-03,  -1.68442E-03,   1.46410E-03,   680.981E-06
C:/temp/dataset/8/8_16.odb,Step-1,Increment      1: Step Time =    1.000,"PART-1-1",           600,      -9.65781,      -21.9912,            0.,NA,NA,"",   810.759E-06,  -428.642E-06,   688.183E-06,   715.014E-06
C:/temp/dataset/8/8_16.odb,Step-1,Increment      1: Step Time =    1.000,"PART-1-1",           601,      -10.7884,      -21.5271,            0.,NA,NA,"",   3.36416E-03,   246.395E-06,   3.35512E-03,   862.967E-06
C:/temp/dataset/8/8_16.odb,Step-1,Increment      1: Step Time =    1.000,"PART-1-1",           602,          -15.,        -28.75,            0.,NA,NA,"",   973.537E-06,   247.065E-06,   941.665E-06,   1.05082E-03
C:/temp/dataset/8/8_16.odb,Step-1,Increment      1: Step Time =    1.000,"PART-1-1",           603,        -13.75,          -30.,            0.,NA,NA,"",            0.,  -202.611E-42,   1.32535E-39,   763.705E-06
C:/temp/dataset/8/8_16.odb,Step-1,Increment      1: Step Time =    1.000,"PART-1-1",           604,      -2.48436,      -28.8316,            0.,NA,NA,"",   1.69904E-03,  -1.59015E-03,  -598.446E-06,   1.04258E-03
C:/temp/dataset/8/8_16.odb,Step-1,Increment      1: Step Time =    1.000,"PART-1-1",           605,      -3.66464,      -27.6979,            0.,NA,NA,"",   2.18574E-03,  -2.02068E-03,  -833.247E-06,   692.583E-06
C:/temp/dataset/8/8_16.odb,Step-1,Increment      1: Step Time =    1.000,"PART-1-1",           606,         -3.75,          -30.,            0.,NA,NA,"",            0.,  -819.709E-42,  -1.19706E-39,   1.10009E-03
C:/temp/dataset/8/8_16.odb,Step-1,Increment      1: Step Time =    1.000,"PART-1-1",           607,      -3.65817,      -25.2536,            0.,NA,NA,"",   2.01457E-03,  -1.34426E-03,  -1.50049E-03,   817.898E-06
C:/temp/dataset/8/8_16.odb,Step-1,Increment      1: Step Time =    1.000,"PART-1-1",           608,      -2.51119,      -23.8961,            0.,NA,NA,"",   1.72711E-03,   198.144E-06,  -1.71571E-03,   1.22068E-03
C:/temp/dataset/8/8_16.odb,Step-1,Increment      1: Step Time =    1.000,"PART-1-1",           609,      -3.67574,      -22.6579,            0.,NA,NA,"",   3.59003E-03,   2.10820E-03,  -2.90582E-03,   1.64382E-03
C:/temp/dataset/8/8_16.odb,Step-1,Increment      1: Step Time =    1.000,"PART-1-1",           610,      -1.29318,      -22.5899,            0.,NA,NA,"",   3.21604E-03,   2.39628E-03,  -2.14494E-03,   1.18028E-03
C:/temp/dataset/8/8_16.odb,Step-1,Increment      1: Step Time =    1.000,"PART-1-1",           611,  -38.5445E-03,      -21.2879,            0.,NA,NA,"",   7.25551E-03,   6.16286E-03,  -3.82904E-03,   1.28376E-03
C:/temp/dataset/8/8_16.odb,Step-1,Increment      1: Step Time =    1.000,"PART-1-1",           612,         -1.25,          -20.,            0.,NA,NA,"",   7.42372E-03,   6.66008E-03,  -3.27947E-03,   1.91169E-03
C:/temp/dataset/8/8_16.odb,Step-1,Increment      1: Step Time =    1.000,"PART-1-1",           613,      -2.50464,      -21.3020,            0.,NA,NA,"",   5.03024E-03,   4.32586E-03,  -2.56714E-03,   971.749E-06
C:/temp/dataset/8/8_16.odb,Step-1,Increment      1: Step Time =    1.000,"PART-1-1",           614,       6.00193,      -26.4828,            0.,NA,NA,"",   16.9871E-03,  -2.73115E-03,  -16.7661E-03,   6.36674E-03
C:/temp/dataset/8/8_16.odb,Step-1,Increment      1: Step Time =    1.000,"PART-1-1",           615,       6.71688,      -27.7553,            0.,NA,NA,"",   11.6541E-03,  -2.58260E-03,  -11.3643E-03,   6.51886E-03
C:/temp/dataset/8/8_16.odb,Step-1,Increment      1: Step Time =    1.000,"PART-1-1",           616,       8.27191,      -26.8508,            0.,NA,NA,"",   20.5258E-03,   1.77896E-03,  -20.4486E-03,   8.46418E-03
C:/temp/dataset/8/8_16.odb,Step-1,Increment      1: Step Time =    1.000,"PART-1-1",           617,       7.55696,      -25.5783,            0.,NA,NA,"",   28.0077E-03,   2.97691E-03,  -27.8491E-03,   8.37107E-03
C:/temp/dataset/8/8_16.odb,Step-1,Increment      1: Step Time =    1.000,"PART-1-1",           618,       1.28220,      -22.6790,            0.,NA,NA,"",   7.31179E-03,   1.98138E-03,  -7.03821E-03,   809.746E-06
C:/temp/dataset/8/8_16.odb,Step-1,Increment      1: Step Time =    1.000,"PART-1-1",           619,       2.57074,      -21.3912,            0.,NA,NA,"",   16.4695E-03,   7.98986E-03,  -14.4017E-03,   1.43817E-03
C:/temp/dataset/8/8_16.odb,Step-1,Increment      1: Step Time =    1.000,"PART-1-1",           620,          1.25,          -20.,            0.,NA,NA,"",   15.6045E-03,   13.0302E-03,  -8.58573E-03,   2.83962E-03
C:/temp/dataset/8/8_16.odb,Step-1,Increment      1: Step Time =    1.000,"PART-1-1",           621,       2.23882,      -25.9818,            0.,NA,NA,"",   8.59046E-03,  -4.98679E-03,  -6.99486E-03,   2.46062E-03
C:/temp/dataset/8/8_16.odb,Step-1,Increment      1: Step Time =    1.000,"PART-1-1",           622,       3.60539,      -25.7966,            0.,NA,NA,"",   12.4885E-03,  -4.71942E-03,  -11.5625E-03,   3.98353E-03
C:/temp/dataset/8/8_16.odb,Step-1,Increment      1: Step Time =    1.000,"PART-1-1",           623,       3.51945,      -23.6994,            0.,NA,NA,"",   17.1737E-03,  -971.789E-06,  -17.1462E-03,   3.67113E-03
C:/temp/dataset/8/8_16.odb,Step-1,Increment      1: Step Time =    1.000,"PART-1-1",           624,       2.15288,      -23.8846,            0.,NA,NA,"",   9.58093E-03,  -1.57971E-03,  -9.44980E-03,   1.80995E-03
C:/temp/dataset/8/8_16.odb,Step-1,Increment      1: Step Time =    1.000,"PART-1-1",           625,       7.70422,      -28.9586,            0.,NA,NA,"",   5.80172E-03,  -1.36013E-03,  -5.64004E-03,   6.98492E-03
C:/temp/dataset/8/8_16.odb,Step-1,Increment      1: Step Time =    1.000,"PART-1-1",           626,       5.26266,      -28.7967,            0.,NA,NA,"",   5.53981E-03,  -3.14622E-03,  -4.55969E-03,   5.16579E-03
C:/temp/dataset/8/8_16.odb,Step-1,Increment      1: Step Time =    1.000,"PART-1-1",           627,          6.25,          -30.,            0.,NA,NA,"",            0.,  -1.95131E-39,  -10.4882E-39,   5.74803E-03
C:/temp/dataset/8/8_16.odb,Step-1,Increment      1: Step Time =    1.000,"PART-1-1",           628,       12.0997,      -20.6264,            0.,NA,NA,"",   109.816E-03,   49.8479E-03,  -97.8506E-03,   11.9708E-03
C:/temp/dataset/8/8_16.odb,Step-1,Increment      1: Step Time =    1.000,"PART-1-1",           629,       11.2927,      -21.6255,            0.,NA,NA,"",   91.6994E-03,   39.5605E-03,  -82.7269E-03,   11.8172E-03
C:/temp/dataset/8/8_16.odb,Step-1,Increment      1: Step Time =    1.000,"PART-1-1",           630,       12.1482,      -22.5490,            0.,NA,NA,"",   86.4109E-03,   38.7704E-03,  -77.2250E-03,   12.1308E-03
C:/temp/dataset/8/8_16.odb,Step-1,Increment      1: Step Time =    1.000,"PART-1-1",           631,       12.9553,      -21.5498,            0.,NA,NA,"",   104.721E-03,   49.0090E-03,  -92.5450E-03,   12.2989E-03
C:/temp/dataset/8/8_16.odb,Step-1,Increment      1: Step Time =    1.000,"PART-1-1",           632,         13.75,          -30.,            0.,NA,NA,"",            0.,   1.35766E-39,  -21.6590E-39,   14.7225E-03
C:/temp/dataset/8/8_16.odb,Step-1,Increment      1: Step Time =    1.000,"PART-1-1",           633,           15.,      -28.7625,            0.,NA,NA,"",   25.5058E-03,   17.8746E-03,  -18.1945E-03,   16.0276E-03
C:/temp/dataset/8/8_16.odb,Step-1,Increment      1: Step Time =    1.000,"PART-1-1",           634,       13.7776,      -27.6227,            0.,NA,NA,"",   32.8413E-03,   19.2066E-03,  -26.6394E-03,   13.3123E-03
C:/temp/dataset/8/8_16.odb,Step-1,Increment      1: Step Time =    1.000,"PART-1-1",           635,           15.,      -26.2875,            0.,NA,NA,"",   61.0452E-03,   35.2872E-03,  -49.8130E-03,   13.4047E-03
C:/temp/dataset/8/8_16.odb,Step-1,Increment      1: Step Time =    1.000,"PART-1-1",           636,       13.5918,      -25.0908,            0.,NA,NA,"",   65.1797E-03,   33.2654E-03,  -56.0518E-03,   12.7385E-03
C:/temp/dataset/8/8_16.odb,Step-1,Increment      1: Step Time =    1.000,"PART-1-1",           637,       12.3694,      -26.4260,            0.,NA,NA,"",   40.4514E-03,   19.2757E-03,  -35.5635E-03,   12.4112E-03
C:/temp/dataset/8/8_16.odb,Step-1,Increment      1: Step Time =    1.000,"PART-1-1",           638,       13.9605,      -22.6420,            0.,NA,NA,"",   98.5057E-03,   48.3749E-03,  -85.8094E-03,   12.6361E-03
C:/temp/dataset/8/8_16.odb,Step-1,Increment      1: Step Time =    1.000,"PART-1-1",           639,       12.5523,      -23.9204,            0.,NA,NA,"",   72.3346E-03,   33.4681E-03,  -64.1263E-03,   12.4295E-03
C:/temp/dataset/8/8_16.odb,Step-1,Increment      1: Step Time =    1.000,"PART-1-1",           640,           15.,      -23.8125,            0.,NA,NA,"",   91.5725E-03,   47.9884E-03,  -77.9913E-03,   12.8914E-03
C:/temp/dataset/8/8_16.odb,Step-1,Increment      1: Step Time =    1.000,"PART-1-1",           641,           15.,      -21.3375,            0.,NA,NA,"",   123.225E-03,   61.8002E-03,  -106.608E-03,   12.7619E-03
C:/temp/dataset/8/8_16.odb,Step-1,Increment      1: Step Time =    1.000,"PART-1-1",           642,       7.29123,      -18.3998,            0.,NA,NA,"",   98.3693E-03,   41.0650E-03,  -89.3878E-03,   10.2574E-03
C:/temp/dataset/8/8_16.odb,Step-1,Increment      1: Step Time =    1.000,"PART-1-1",           643,       6.16190,      -17.3915,            0.,NA,NA,"",   100.035E-03,   41.2582E-03,  -91.1306E-03,   11.4789E-03
C:/temp/dataset/8/8_16.odb,Step-1,Increment      1: Step Time =    1.000,"PART-1-1",           644,            5.,        -18.75,            0.,NA,NA,"",   73.8995E-03,   28.3905E-03,  -68.2284E-03,   13.7980E-03
C:/temp/dataset/8/8_16.odb,Step-1,Increment      1: Step Time =    1.000,"PART-1-1",           645,       6.12933,      -19.7583,            0.,NA,NA,"",   73.5706E-03,   29.0225E-03,  -67.6042E-03,   11.0615E-03
C:/temp/dataset/8/8_16.odb,Step-1,Increment      1: Step Time =    1.000,"PART-1-1",           646,       9.51257,      -18.2945,            0.,NA,NA,"",   118.019E-03,   51.3496E-03,  -106.263E-03,   11.0523E-03
C:/temp/dataset/8/8_16.odb,Step-1,Increment      1: Step Time =    1.000,"PART-1-1",           647,       10.1101,      -19.3444,            0.,NA,NA,"",   110.339E-03,   47.6775E-03,  -99.5066E-03,   11.2885E-03
C:/temp/dataset/8/8_16.odb,Step-1,Increment      1: Step Time =    1.000,"PART-1-1",           648,       11.5966,      -18.6396,            0.,NA,NA,"",   130.374E-03,   59.4829E-03,  -116.014E-03,   11.7445E-03
C:/temp/dataset/8/8_16.odb,Step-1,Increment      1: Step Time =    1.000,"PART-1-1",           649,       10.5568,      -11.7080,            0.,NA,NA,"",   207.090E-03,   97.7716E-03,  -182.557E-03,   11.9102E-03
C:/temp/dataset/8/8_16.odb,Step-1,Increment      1: Step Time =    1.000,"PART-1-1",           650,       11.5580,      -12.7427,            0.,NA,NA,"",   203.373E-03,   96.2535E-03,  -179.153E-03,   12.1731E-03
C:/temp/dataset/8/8_16.odb,Step-1,Increment      1: Step Time =    1.000,"PART-1-1",           651,       12.7592,      -11.5531,            0.,NA,NA,"",   230.113E-03,   110.874E-03,  -201.641E-03,   12.5854E-03
C:/temp/dataset/8/8_16.odb,Step-1,Increment      1: Step Time =    1.000,"PART-1-1",           652,       5.97400,      -7.48832,            0.,NA,NA,"",   215.955E-03,   107.326E-03,  -187.397E-03,   10.3397E-03
C:/temp/dataset/8/8_16.odb,Step-1,Increment      1: Step Time =    1.000,"PART-1-1",           653,            5.,         -8.75,            0.,NA,NA,"",   190.743E-03,   92.0165E-03,  -167.080E-03,   10.2642E-03
C:/temp/dataset/8/8_16.odb,Step-1,Increment      1: Step Time =    1.000,"PART-1-1",           654,       6.96466,      -8.62400,            0.,NA,NA,"",   210.944E-03,   102.373E-03,  -184.437E-03,   10.5749E-03
C:/temp/dataset/8/8_16.odb,Step-1,Increment      1: Step Time =    1.000,"PART-1-1",           655,       13.4824,      -5.05044,            0.,NA,NA,"",   329.523E-03,   166.169E-03,  -284.558E-03,   13.7180E-03
C:/temp/dataset/8/8_16.odb,Step-1,Increment      1: Step Time =    1.000,"PART-1-1",           656,           15.,      -6.28125,            0.,NA,NA,"",   327.951E-03,   164.671E-03,  -283.611E-03,   14.3542E-03
C:/temp/dataset/8/8_16.odb,Step-1,Increment      1: Step Time =    1.000,"PART-1-1",           657,       12.6591,      -1.12439,            0.,NA,NA,"",   381.963E-03,   203.178E-03,  -323.441E-03,   13.4905E-03
C:/temp/dataset/8/8_16.odb,Step-1,Increment      1: Step Time =    1.000,"PART-1-1",           658,       13.8600,      -2.43742,            0.,NA,NA,"",   376.349E-03,   195.243E-03,  -321.743E-03,   14.3501E-03
C:/temp/dataset/8/8_16.odb,Step-1,Increment      1: Step Time =    1.000,"PART-1-1",           659,           15.,      -1.25625,            0.,NA,NA,"",   412.830E-03,   216.702E-03,  -351.381E-03,   15.2896E-03
C:/temp/dataset/8/8_16.odb,Step-1,Increment      1: Step Time =    1.000,"PART-1-1",           660,       5.30074,       3.65708,            0.,NA,NA,"",   350.219E-03,   237.915E-03,  -257.002E-03,   7.99106E-03
C:/temp/dataset/8/8_16.odb,Step-1,Increment      1: Step Time =    1.000,"PART-1-1",           661,       7.62947,       4.43985,            0.,NA,NA,"",   402.809E-03,   260.330E-03,  -307.382E-03,   9.77520E-03
C:/temp/dataset/8/8_16.odb,Step-1,Increment      1: Step Time =    1.000,"PART-1-1",           662,       6.09164,       5.20441,            0.,NA,NA,"",   392.484E-03,   269.440E-03,  -285.387E-03,   9.83571E-03
C:/temp/dataset/8/8_16.odb,Step-1,Increment      1: Step Time =    1.000,"PART-1-1",           663,       10.7729,       2.25312,            0.,NA,NA,"",   412.791E-03,   238.980E-03,  -336.579E-03,   12.1139E-03
C:/temp/dataset/8/8_16.odb,Step-1,Increment      1: Step Time =    1.000,"PART-1-1",           664,       10.9515,       3.76013,            0.,NA,NA,"",   442.985E-03,   263.728E-03,  -355.927E-03,   12.1005E-03
C:/temp/dataset/8/8_16.odb,Step-1,Increment      1: Step Time =    1.000,"PART-1-1",           665,       8.98494,       4.06074,            0.,NA,NA,"",   417.338E-03,   259.151E-03,  -327.127E-03,   10.5411E-03
C:/temp/dataset/8/8_16.odb,Step-1,Increment      1: Step Time =    1.000,"PART-1-1",           666,           15.,       8.66250,            0.,NA,NA,"",   611.743E-03,   371.226E-03,  -486.231E-03,   14.8832E-03
C:/temp/dataset/8/8_16.odb,Step-1,Increment      1: Step Time =    1.000,"PART-1-1",           667,       13.0810,       8.82259,            0.,NA,NA,"",   579.516E-03,   361.996E-03,  -452.545E-03,   13.8079E-03
C:/temp/dataset/8/8_16.odb,Step-1,Increment      1: Step Time =    1.000,"PART-1-1",           668,       7.75239,       11.0444,            0.,NA,NA,"",   527.797E-03,   374.754E-03,  -371.656E-03,   10.6840E-03
C:/temp/dataset/8/8_16.odb,Step-1,Increment      1: Step Time =    1.000,"PART-1-1",           669,       6.56216,       12.4157,            0.,NA,NA,"",   535.184E-03,   396.018E-03,  -359.989E-03,   9.64753E-03
C:/temp/dataset/8/8_16.odb,Step-1,Increment      1: Step Time =    1.000,"PART-1-1",           670,            5.,         11.25,            0.,NA,NA,"",   486.193E-03,   367.185E-03,  -318.683E-03,   8.74463E-03
C:/temp/dataset/8/8_16.odb,Step-1,Increment      1: Step Time =    1.000,"PART-1-1",           671,       10.9687,       10.2381,            0.,NA,NA,"",   569.822E-03,   375.730E-03,  -428.397E-03,   12.6069E-03
C:/temp/dataset/8/8_16.odb,Step-1,Increment      1: Step Time =    1.000,"PART-1-1",           672,       9.89393,       9.91282,            0.,NA,NA,"",   543.331E-03,   364.145E-03,  -403.245E-03,   11.9107E-03
C:/temp/dataset/8/8_16.odb,Step-1,Increment      1: Step Time =    1.000,"PART-1-1",           673,       10.3396,       8.57072,            0.,NA,NA,"",   524.519E-03,   342.352E-03,  -397.385E-03,   12.0003E-03
C:/temp/dataset/8/8_16.odb,Step-1,Increment      1: Step Time =    1.000,"PART-1-1",           674,       11.4143,       8.89605,            0.,NA,NA,"",   550.410E-03,   353.759E-03,  -421.670E-03,   12.7213E-03
C:/temp/dataset/8/8_16.odb,Step-1,Increment      1: Step Time =    1.000,"PART-1-1",           675,       12.6608,       18.9269,            0.,NA,NA,"",   809.068E-03,   569.700E-03,  -574.485E-03,   14.6724E-03
C:/temp/dataset/8/8_16.odb,Step-1,Increment      1: Step Time =    1.000,"PART-1-1",           676,       13.7941,       17.5480,            0.,NA,NA,"",   798.338E-03,   544.223E-03,  -584.093E-03,   15.5249E-03
C:/temp/dataset/8/8_16.odb,Step-1,Increment      1: Step Time =    1.000,"PART-1-1",           677,           15.,       18.6938,            0.,NA,NA,"",   857.025E-03,   580.006E-03,  -630.940E-03,   16.9679E-03
C:/temp/dataset/8/8_16.odb,Step-1,Increment      1: Step Time =    1.000,"PART-1-1",           678,       11.2471,       27.2214,            0.,NA,NA,"",       1.02725,   798.863E-03,  -645.802E-03,   15.5717E-03
C:/temp/dataset/8/8_16.odb,Step-1,Increment      1: Step Time =    1.000,"PART-1-1",           679,       12.5374,       28.7023,            0.,NA,NA,"",       1.11431,   858.217E-03,  -710.738E-03,   15.8039E-03
C:/temp/dataset/8/8_16.odb,Step-1,Increment      1: Step Time =    1.000,"PART-1-1",           680,         11.25,           30.,            0.,NA,NA,"",       1.12784,   895.263E-03,  -685.948E-03,   15.1194E-03
C:/temp/dataset/8/8_16.odb,Step-1,Increment      1: Step Time =    1.000,"PART-1-1",           681,       8.10754,       23.1840,            0.,NA,NA,"",   821.277E-03,   657.319E-03,  -492.370E-03,   9.56983E-03
C:/temp/dataset/8/8_16.odb,Step-1,Increment      1: Step Time =    1.000,"PART-1-1",           682,       9.64263,       22.1457,            0.,NA,NA,"",   826.950E-03,   635.553E-03,  -529.074E-03,   11.7843E-03
C:/temp/dataset/8/8_16.odb,Step-1,Increment      1: Step Time =    1.000,"PART-1-1",           683,           15.,       28.7437,            0.,NA,NA,"",       1.18167,   875.766E-03,  -793.333E-03,   16.2560E-03
C:/temp/dataset/8/8_16.odb,Step-1,Increment      1: Step Time =    1.000,"PART-1-1",           684,         13.75,           30.,            0.,NA,NA,"",       1.19146,   909.165E-03,  -770.057E-03,   15.6102E-03
C:/temp/dataset/8/8_16.odb,Step-1,Increment      1: Step Time =    1.000,"PART-1-1",           685,       13.7874,       27.4460,            0.,NA,NA,"",       1.10292,   824.036E-03,  -733.073E-03,   16.4555E-03
C:/temp/dataset/8/8_16.odb,Step-1,Increment      1: Step Time =    1.000,"PART-1-1",           686,       7.12499,       6.45847,            0.,NA,NA,"",   430.455E-03,   292.650E-03,  -315.670E-03,   9.47608E-03
C:/temp/dataset/8/8_16.odb,Step-1,Increment      1: Step Time =    1.000,"PART-1-1",           687,            5.,          6.25,            0.,NA,NA,"",   392.207E-03,   280.758E-03,  -273.864E-03,   12.2812E-03
C:/temp/dataset/8/8_16.odb,Step-1,Increment      1: Step Time =    1.000,"PART-1-1",           688,       9.07752,      -27.9736,            0.,NA,NA,"",   13.5946E-03,   1.35010E-03,  -13.5274E-03,   8.53417E-03
C:/temp/dataset/8/8_16.odb,Step-1,Increment      1: Step Time =    1.000,"PART-1-1",           689,          8.75,          -30.,            0.,NA,NA,"",            0.,  -755.483E-42,  -14.0532E-39,   7.41664E-03
C:/temp/dataset/8/8_16.odb,Step-1,Increment      1: Step Time =    1.000,"PART-1-1",           690,           15.,       3.71250,            0.,NA,NA,"",   508.638E-03,   287.151E-03,  -419.830E-03,   14.9339E-03
C:/temp/dataset/8/8_16.odb,Step-1,Increment      1: Step Time =    1.000,"PART-1-1",           691,       12.3996,       4.14954,            0.,NA,NA,"",   473.739E-03,   277.999E-03,  -383.596E-03,   13.1769E-03
C:/temp/dataset/8/8_16.odb,Step-1,Increment      1: Step Time =    1.000,"PART-1-1",           692,       9.86779,       6.75734,            0.,NA,NA,"",   481.284E-03,   308.641E-03,  -369.290E-03,   11.3576E-03
C:/temp/dataset/8/8_16.odb,Step-1,Increment      1: Step Time =    1.000,"PART-1-1",           693,       8.81759,       6.48028,            0.,NA,NA,"",   458.627E-03,   299.308E-03,  -347.496E-03,   10.5545E-03
C:/temp/dataset/8/8_16.odb,Step-1,Increment      1: Step Time =    1.000,"PART-1-1",           694,       9.27664,       5.21437,            0.,NA,NA,"",   442.824E-03,   279.798E-03,  -343.229E-03,   10.8453E-03
C:/temp/dataset/8/8_16.odb,Step-1,Increment      1: Step Time =    1.000,"PART-1-1",           695,       10.3268,       5.49143,            0.,NA,NA,"",   465.105E-03,   289.293E-03,  -364.187E-03,   11.5914E-03
C:/temp/dataset/8/8_16.odb,Step-1,Increment      1: Step Time =    1.000,"PART-1-1",           696,   710.804E-03,      -25.0300,            0.,NA,NA,"",   5.47353E-03,  -3.22365E-03,  -4.42353E-03,   1.34223E-03
C:/temp/dataset/8/8_16.odb,Step-1,Increment      1: Step Time =    1.000,"PART-1-1",           697,  -159.879E-03,      -23.8244,            0.,NA,NA,"",   3.28044E-03,  -585.192E-06,  -3.22783E-03,   779.412E-06
C:/temp/dataset/8/8_16.odb,Step-1,Increment      1: Step Time =    1.000,"PART-1-1",           698,         -3.75,          -20.,            0.,NA,NA,"",   5.70344E-03,   3.96239E-03,  -4.10227E-03,   1.41558E-03
C:/temp/dataset/8/8_16.odb,Step-1,Increment      1: Step Time =    1.000,"PART-1-1",           699,      -4.92110,      -21.3559,            0.,NA,NA,"",   6.44510E-03,   3.14276E-03,  -5.62694E-03,   2.43451E-03
C:/temp/dataset/8/8_16.odb,Step-1,Increment      1: Step Time =    1.000,"PART-1-1",           700,         -1.25,          -30.,            0.,NA,NA,"",            0.,  -1.30571E-39,  -2.13287E-39,   1.77746E-03
C:/temp/dataset/8/8_16.odb,Step-1,Increment      1: Step Time =    1.000,"PART-1-1",           701,      -1.24185,      -27.5805,            0.,NA,NA,"",   3.40282E-03,  -3.10829E-03,  -1.38483E-03,   1.22738E-03
C:/temp/dataset/8/8_16.odb,Step-1,Increment      1: Step Time =    1.000,"PART-1-1",           702,      -7.47566,      -11.3800,            0.,NA,NA,"",   49.2532E-03,   45.4099E-03,  -19.0740E-03,   2.04376E-03
C:/temp/dataset/8/8_16.odb,Step-1,Increment      1: Step Time =    1.000,"PART-1-1",           703,           -5.,        -11.25,            0.,NA,NA,"",   63.1494E-03,   49.5903E-03,  -39.0979E-03,   3.86701E-03
C:/temp/dataset/8/8_16.odb,Step-1,Increment      1: Step Time =    1.000,"PART-1-1",           704,      -6.22639,      -10.0808,            0.,NA,NA,"",   65.8711E-03,   57.2859E-03,  -32.5165E-03,   3.04434E-03
C:/temp/dataset/8/8_16.odb,Step-1,Increment      1: Step Time =    1.000,"PART-1-1",           705,          -15.,        -13.75,            0.,NA,NA,"",   46.5986E-03,   32.0049E-03,   33.8692E-03,   3.51110E-03
C:/temp/dataset/8/8_16.odb,Step-1,Increment      1: Step Time =    1.000,"PART-1-1",           706,      -12.5127,      -13.8329,            0.,NA,NA,"",   33.7243E-03,   28.5275E-03,   17.9864E-03,   1.71432E-03
C:/temp/dataset/8/8_16.odb,Step-1,Increment      1: Step Time =    1.000,"PART-1-1",           707,      -10.0964,       13.7974,            0.,NA,NA,"",   436.936E-03,   436.918E-03,   4.02916E-03,   420.933E-06
C:/temp/dataset/8/8_16.odb,Step-1,Increment      1: Step Time =    1.000,"PART-1-1",           708,      -8.82993,       12.5694,            0.,NA,NA,"",   410.558E-03,   409.945E-03,  -22.4240E-03,   547.690E-06
C:/temp/dataset/8/8_16.odb,Step-1,Increment      1: Step Time =    1.000,"PART-1-1",           709,          -15.,         16.25,            0.,NA,NA,"",   509.534E-03,   496.401E-03,   114.943E-03,   2.31735E-03
C:/temp/dataset/8/8_16.odb,Step-1,Increment      1: Step Time =    1.000,"PART-1-1",           710,      -12.5888,       16.2424,            0.,NA,NA,"",   497.270E-03,   493.640E-03,   59.9751E-03,   1.30302E-03
C:/temp/dataset/8/8_16.odb,Step-1,Increment      1: Step Time =    1.000,"PART-1-1",           711,      -12.3835,       2.26488,            0.,NA,NA,"",   220.393E-03,   216.691E-03,   40.2301E-03,   1.50775E-03
C:/temp/dataset/8/8_16.odb,Step-1,Increment      1: Step Time =    1.000,"PART-1-1",           712,      -11.8224,   292.734E-03,            0.,NA,NA,"",   187.299E-03,   184.995E-03,   29.2856E-03,   1.18645E-03
C:/temp/dataset/8/8_16.odb,Step-1,Increment      1: Step Time =    1.000,"PART-1-1",           713,      -11.2102,       1.42259,            0.,NA,NA,"",   203.486E-03,   202.432E-03,   20.6839E-03,   824.160E-06
C:/temp/dataset/8/8_16.odb,Step-1,Increment      1: Step Time =    1.000,"PART-1-1",           714,         -3.75,           -5.,            0.,NA,NA,"",   140.900E-03,   107.443E-03,  -91.1525E-03,   1.88443E-03
C:/temp/dataset/8/8_16.odb,Step-1,Increment      1: Step Time =    1.000,"PART-1-1",           715,      -4.14675,      -2.41445,            0.,NA,NA,"",   170.557E-03,   147.500E-03,  -85.6360E-03,   1.90884E-03
C:/temp/dataset/8/8_16.odb,Step-1,Increment      1: Step Time =    1.000,"PART-1-1",           716,          3.75,           -5.,            0.,NA,NA,"",   235.561E-03,   119.506E-03,  -202.996E-03,   3.76636E-03
C:/temp/dataset/8/8_16.odb,Step-1,Increment      1: Step Time =    1.000,"PART-1-1",           717,       4.88615,      -3.81221,            0.,NA,NA,"",   249.675E-03,   132.467E-03,  -211.637E-03,   6.56397E-03
C:/temp/dataset/8/8_16.odb,Step-1,Increment      1: Step Time =    1.000,"PART-1-1",           718,          3.75,            5.,            0.,NA,NA,"",   343.917E-03,   262.789E-03,  -221.858E-03,   3.08650E-03
C:/temp/dataset/8/8_16.odb,Step-1,Increment      1: Step Time =    1.000,"PART-1-1",           719,       2.57201,       3.72360,            0.,NA,NA,"",   310.035E-03,   238.665E-03,  -197.890E-03,   1.09574E-03
C:/temp/dataset/8/8_16.odb,Step-1,Increment      1: Step Time =    1.000,"PART-1-1",           720,       4.12275,       2.38068,            0.,NA,NA,"",   312.530E-03,   215.347E-03,  -226.496E-03,   3.88877E-03
C:/temp/dataset/8/8_16.odb,Step-1,Increment      1: Step Time =    1.000,"PART-1-1",           721,       1.34934,       2.46747,            0.,NA,NA,"",   280.439E-03,   218.228E-03,  -176.132E-03,   1.03011E-03
C:/temp/dataset/8/8_16.odb,Step-1,Increment      1: Step Time =    1.000,"PART-1-1",           722,          1.25,            5.,            0.,NA,NA,"",   314.227E-03,   261.214E-03,  -174.659E-03,   748.647E-06
C:/temp/dataset/8/8_16.odb,Step-1,Increment      1: Step Time =    1.000,"PART-1-1",           723,          6.25,           30.,            0.,NA,NA,"",   993.412E-03,   878.625E-03,  -463.557E-03,   6.24198E-03
C:/temp/dataset/8/8_16.odb,Step-1,Increment      1: Step Time =    1.000,"PART-1-1",           724,       6.07120,       27.6569,            0.,NA,NA,"",   908.053E-03,   788.351E-03,  -450.625E-03,   4.74290E-03
C:/temp/dataset/8/8_16.odb,Step-1,Increment      1: Step Time =    1.000,"PART-1-1",           725,         -1.25,           30.,            0.,NA,NA,"",   878.592E-03,   848.811E-03,  -226.810E-03,   2.82462E-03
C:/temp/dataset/8/8_16.odb,Step-1,Increment      1: Step Time =    1.000,"PART-1-1",           726,      -1.39999,       27.3167,            0.,NA,NA,"",   804.185E-03,   773.672E-03,  -219.422E-03,   1.34129E-03
C:/temp/dataset/8/8_16.odb,Step-1,Increment      1: Step Time =    1.000,"PART-1-1",           727,         -3.75,           20.,            0.,NA,NA,"",   595.515E-03,   575.177E-03,  -154.303E-03,   2.16083E-03
C:/temp/dataset/8/8_16.odb,Step-1,Increment      1: Step Time =    1.000,"PART-1-1",           728,      -2.58930,       21.4512,            0.,NA,NA,"",   639.788E-03,   612.276E-03,  -185.600E-03,   1.29153E-03
C:/temp/dataset/8/8_16.odb,Step-1,Increment      1: Step Time =    1.000,"PART-1-1",           729,      -5.07231,       21.0171,            0.,NA,NA,"",   615.391E-03,   603.933E-03,  -118.196E-03,   1.31970E-03
C:/temp/dataset/8/8_16.odb,Step-1,Increment      1: Step Time =    1.000,"PART-1-1",           730,      -1.31658,       22.7626,            0.,NA,NA,"",   682.869E-03,   646.260E-03,  -220.583E-03,   1.04111E-03
C:/temp/dataset/8/8_16.odb,Step-1,Increment      1: Step Time =    1.000,"PART-1-1",           731,         -1.25,           20.,            0.,NA,NA,"",   612.131E-03,   570.023E-03,  -223.111E-03,   1.51769E-03
C:/temp/dataset/8/8_16.odb,Step-1,Increment      1: Step Time =    1.000,"PART-1-1",           732,  -730.264E-03,       25.0913,            0.,NA,NA,"",   748.908E-03,   710.503E-03,  -236.745E-03,   616.129E-06
C:/temp/dataset/8/8_16.odb,Step-1,Increment      1: Step Time =    1.000,"PART-1-1",           733,      -2.17963,       23.9829,            0.,NA,NA,"",   708.575E-03,   680.641E-03,  -196.994E-03,   505.781E-06
C:/temp/dataset/8/8_16.odb,Step-1,Increment      1: Step Time =    1.000,"PART-1-1",           734,       6.36136,       15.0582,            0.,NA,NA,"",   587.992E-03,   449.971E-03,  -378.497E-03,   9.16423E-03
C:/temp/dataset/8/8_16.odb,Step-1,Increment      1: Step Time =    1.000,"PART-1-1",           735,       7.68541,       16.4128,            0.,NA,NA,"",   642.858E-03,   485.617E-03,  -421.238E-03,   9.97134E-03
C:/temp/dataset/8/8_16.odb,Step-1,Increment      1: Step Time =    1.000,"PART-1-1",           736,            5.,         16.25,            0.,NA,NA,"",   591.333E-03,   471.686E-03,  -356.633E-03,   7.92035E-03
C:/temp/dataset/8/8_16.odb,Step-1,Increment      1: Step Time =    1.000,"PART-1-1",           737,      -10.0306,      -16.4562,            0.,NA,NA,"",   14.0063E-03,   13.8589E-03,   2.02649E-03,   369.410E-06
C:/temp/dataset/8/8_16.odb,Step-1,Increment      1: Step Time =    1.000,"PART-1-1",           738,         -8.75,          -30.,            0.,NA,NA,"",            0.,  -739.462E-42,   67.7626E-42,   744.678E-06
C:/temp/dataset/8/8_16.odb,Step-1,Increment      1: Step Time =    1.000,"PART-1-1",           739,      -8.41046,      -27.7431,            0.,NA,NA,"",   1.81132E-03,  -1.80974E-03,  -75.5026E-06,   476.987E-06
C:/temp/dataset/8/8_16.odb,Step-1,Increment      1: Step Time =    1.000,"PART-1-1",           740,       8.76042,      -4.14506,            0.,NA,NA,"",   285.107E-03,   148.158E-03,  -243.589E-03,   10.9749E-03
C:/temp/dataset/8/8_16.odb,Step-1,Increment      1: Step Time =    1.000,"PART-1-1",           741,       8.66903,      -5.72492,            0.,NA,NA,"",   263.667E-03,   133.830E-03,  -227.178E-03,   10.6951E-03
C:/temp/dataset/8/8_16.odb,Step-1,Increment      1: Step Time =    1.000,"PART-1-1",           742,            5.,        -13.75,            0.,NA,NA,"",   133.120E-03,   56.3851E-03,  -120.589E-03,   10.6985E-03
C:/temp/dataset/8/8_16.odb,Step-1,Increment      1: Step Time =    1.000,"PART-1-1",           743,       6.25554,      -14.9359,            0.,NA,NA,"",   129.666E-03,   55.0972E-03,  -117.378E-03,   11.1776E-03
C:/temp/dataset/8/8_16.odb,Step-1,Increment      1: Step Time =    1.000,"PART-1-1",           744,       7.64357,      -13.5439,            0.,NA,NA,"",   157.826E-03,   70.7358E-03,  -141.086E-03,   11.2889E-03
C:/temp/dataset/8/8_16.odb,Step-1,Increment      1: Step Time =    1.000,"PART-1-1",           745,       7.29012,      -20.5145,            0.,NA,NA,"",   75.1893E-03,   27.6672E-03,  -69.9140E-03,   10.4448E-03
C:/temp/dataset/8/8_16.odb,Step-1,Increment      1: Step Time =    1.000,"PART-1-1",           746,       5.05790,      -20.9179,            0.,NA,NA,"",   46.7914E-03,   13.9323E-03,  -44.6691E-03,   9.27400E-03
C:/temp/dataset/8/8_16.odb,Step-1,Increment      1: Step Time =    1.000,"PART-1-1",           747,       6.21870,      -21.6741,            0.,NA,NA,"",   52.6913E-03,   14.5299E-03,  -50.6484E-03,   9.88785E-03
C:/temp/dataset/8/8_16.odb,Step-1,Increment      1: Step Time =    1.000,"PART-1-1",           748,      -6.20775,      -20.1417,            0.,NA,NA,"",   8.31763E-03,   2.81950E-03,  -7.82517E-03,   2.25671E-03
C:/temp/dataset/8/8_16.odb,Step-1,Increment      1: Step Time =    1.000,"PART-1-1",           749,      -7.26365,      -21.6027,            0.,NA,NA,"",   4.16147E-03,   619.281E-06,  -4.11513E-03,   1.31861E-03
C:/temp/dataset/8/8_16.odb,Step-1,Increment      1: Step Time =    1.000,"PART-1-1",           750,      -7.57540,       11.3077,            0.,NA,NA,"",   386.215E-03,   383.310E-03,  -47.2844E-03,   1.14729E-03
C:/temp/dataset/8/8_16.odb,Step-1,Increment      1: Step Time =    1.000,"PART-1-1",           751,           -5.,         11.25,            0.,NA,NA,"",   396.479E-03,   383.551E-03,  -100.420E-03,   2.36492E-03
C:/temp/dataset/8/8_16.odb,Step-1,Increment      1: Step Time =    1.000,"PART-1-1",           752,          -15.,          8.75,            0.,NA,NA,"",   350.131E-03,   335.869E-03,   98.9134E-03,   2.88098E-03
C:/temp/dataset/8/8_16.odb,Step-1,Increment      1: Step Time =    1.000,"PART-1-1",           753,      -12.2946,       8.62536,            0.,NA,NA,"",   333.509E-03,   330.279E-03,   46.3005E-03,   1.44335E-03
C:/temp/dataset/8/8_16.odb,Step-1,Increment      1: Step Time =    1.000,"PART-1-1",           754,      -10.0522,       9.28504,            0.,NA,NA,"",   341.981E-03,   341.965E-03,   3.30878E-03,   420.273E-06
C:/temp/dataset/8/8_16.odb,Step-1,Increment      1: Step Time =    1.000,"PART-1-1",           755,      -8.95993,       7.79922,            0.,NA,NA,"",   313.091E-03,   312.617E-03,  -17.2340E-03,   441.465E-06
C:/temp/dataset/8/8_16.odb,Step-1,Increment      1: Step Time =    1.000,"PART-1-1",           756,      -8.82890,       10.1599,            0.,NA,NA,"",   360.003E-03,   359.392E-03,  -20.9597E-03,   610.271E-06
C:/temp/dataset/8/8_16.odb,Step-1,Increment      1: Step Time =    1.000,"PART-1-1",           757,          -15.,          3.75,            0.,NA,NA,"",   259.234E-03,   244.393E-03,   86.4553E-03,   2.95751E-03
C:/temp/dataset/8/8_16.odb,Step-1,Increment      1: Step Time =    1.000,"PART-1-1",           758,      -12.9917,       3.46630,            0.,NA,NA,"",   242.754E-03,   237.131E-03,   51.9493E-03,   1.87576E-03
C:/temp/dataset/8/8_16.odb,Step-1,Increment      1: Step Time =    1.000,"PART-1-1",           759,          -15.,         -1.25,            0.,NA,NA,"",   180.687E-03,   164.991E-03,   73.6604E-03,   3.15872E-03
C:/temp/dataset/8/8_16.odb,Step-1,Increment      1: Step Time =    1.000,"PART-1-1",           760,      -12.5629,      -1.46967,            0.,NA,NA,"",   163.377E-03,   158.872E-03,   38.1004E-03,   1.73380E-03
C:/temp/dataset/8/8_16.odb,Step-1,Increment      1: Step Time =    1.000,"PART-1-1",           761,      -9.58670,      -7.04184,            0.,NA,NA,"",   84.5123E-03,   84.4495E-03,  -3.25869E-03,   299.897E-06
C:/temp/dataset/8/8_16.odb,Step-1,Increment      1: Step Time =    1.000,"PART-1-1",           762,      -10.0087,      -5.60794,            0.,NA,NA,"",   101.208E-03,   101.196E-03,   1.54411E-03,   386.844E-06
C:/temp/dataset/8/8_16.odb,Step-1,Increment      1: Step Time =    1.000,"PART-1-1",           763,      -11.4598,      -6.08307,            0.,NA,NA,"",   97.9561E-03,   96.2421E-03,   18.2444E-03,   1.23500E-03
C:/temp/dataset/8/8_16.odb,Step-1,Increment      1: Step Time =    1.000,"PART-1-1",           764,           -5.,         -8.75,            0.,NA,NA,"",   85.6882E-03,   71.0775E-03,  -47.8588E-03,   4.15804E-03
C:/temp/dataset/8/8_16.odb,Step-1,Increment      1: Step Time =    1.000,"PART-1-1",           765,      -6.19611,      -7.65783,            0.,NA,NA,"",   88.8773E-03,   79.3492E-03,  -40.0359E-03,   3.22283E-03
C:/temp/dataset/8/8_16.odb,Step-1,Increment      1: Step Time =    1.000,"PART-1-1",           766,      -2.54776,      -1.24063,            0.,NA,NA,"",   200.319E-03,   164.852E-03,  -113.805E-03,   1.28589E-03
C:/temp/dataset/8/8_16.odb,Step-1,Increment      1: Step Time =    1.000,"PART-1-1",           767,       3.62717,       25.2502,            0.,NA,NA,"",   798.414E-03,   711.583E-03,  -362.096E-03,   1.23201E-03
C:/temp/dataset/8/8_16.odb,Step-1,Increment      1: Step Time =    1.000,"PART-1-1",           768,       4.81765,       26.4923,            0.,NA,NA,"",   850.549E-03,   749.585E-03,  -401.941E-03,   1.75691E-03
C:/temp/dataset/8/8_16.odb,Step-1,Increment      1: Step Time =    1.000,"PART-1-1",           769,       2.47493,       26.4272,            0.,NA,NA,"",   816.955E-03,   748.087E-03,  -328.301E-03,   779.244E-06
C:/temp/dataset/8/8_16.odb,Step-1,Increment      1: Step Time =    1.000,"PART-1-1",           770,       12.1711,       7.92225,            0.,NA,NA,"",   544.296E-03,   340.670E-03,  -424.503E-03,   13.1083E-03
C:/temp/dataset/8/8_16.odb,Step-1,Increment      1: Step Time =    1.000,"PART-1-1",           771,       10.9972,       7.23987,            0.,NA,NA,"",   509.936E-03,   322.442E-03,  -395.052E-03,   12.2276E-03
C:/temp/dataset/8/8_16.odb,Step-1,Increment      1: Step Time =    1.000,"PART-1-1",           772,       11.7750,       5.88084,            0.,NA,NA,"",   496.790E-03,   303.272E-03,  -393.480E-03,   12.6725E-03
C:/temp/dataset/8/8_16.odb,Step-1,Increment      1: Step Time =    1.000,"PART-1-1",           773,       2.56868,       1.19679,            0.,NA,NA,"",   277.952E-03,   197.105E-03,  -195.977E-03,   1.64193E-03
C:/temp/dataset/8/8_16.odb,Step-1,Increment      1: Step Time =    1.000,"PART-1-1",           774,      -8.87516,       6.40184,            0.,NA,NA,"",   286.796E-03,   286.218E-03,  -18.2100E-03,   469.664E-06
C:/temp/dataset/8/8_16.odb,Step-1,Increment      1: Step Time =    1.000,"PART-1-1",           775,      -9.21453,       4.85504,            0.,NA,NA,"",   259.017E-03,   258.747E-03,  -11.8365E-03,   138.500E-06
C:/temp/dataset/8/8_16.odb,Step-1,Increment      1: Step Time =    1.000,"PART-1-1",           776,      -7.77845,       4.46010,            0.,NA,NA,"",   254.469E-03,   251.869E-03,  -36.2852E-03,   695.088E-06
C:/temp/dataset/8/8_16.odb,Step-1,Increment      1: Step Time =    1.000,"PART-1-1",           777,      -7.43909,       6.00690,            0.,NA,NA,"",   282.204E-03,   278.840E-03,  -43.4431E-03,   903.921E-06
C:/temp/dataset/8/8_16.odb,Step-1,Increment      1: Step Time =    1.000,"PART-1-1",           778,      -11.3073,       27.9110,            0.,NA,NA,"",   786.075E-03,   785.406E-03,   32.4278E-03,   651.727E-06
C:/temp/dataset/8/8_16.odb,Step-1,Increment      1: Step Time =    1.000,"PART-1-1",           779,      -10.0807,       29.0541,            0.,NA,NA,"",   814.569E-03,   814.567E-03,   1.57640E-03,   631.682E-06
C:/temp/dataset/8/8_16.odb,Step-1,Increment      1: Step Time =    1.000,"PART-1-1",           780,        -11.25,           30.,            0.,NA,NA,"",   838.728E-03,   838.188E-03,   30.0964E-03,   341.921E-06
C:/temp/dataset/8/8_16.odb,Step-1,Increment      1: Step Time =    1.000,"PART-1-1",           781,          -15.,         23.75,            0.,NA,NA,"",   691.383E-03,   680.076E-03,   124.529E-03,   939.846E-06
C:/temp/dataset/8/8_16.odb,Step-1,Increment      1: Step Time =    1.000,"PART-1-1",           782,      -12.0927,       23.7977,            0.,NA,NA,"",   681.476E-03,   679.463E-03,   52.3392E-03,   1.05382E-03
C:/temp/dataset/8/8_16.odb,Step-1,Increment      1: Step Time =    1.000,"PART-1-1",           783,      -8.63837,       22.0170,            0.,NA,NA,"",   632.569E-03,   631.813E-03,  -30.9264E-03,   1.11669E-03
C:/temp/dataset/8/8_16.odb,Step-1,Increment      1: Step Time =    1.000,"PART-1-1",           784,      -9.90203,       20.9758,            0.,NA,NA,"",   606.072E-03,   606.072E-03,  -631.704E-06,   1.02717E-03
C:/temp/dataset/8/8_16.odb,Step-1,Increment      1: Step Time =    1.000,"PART-1-1",           785,      -7.50941,       20.8584,            0.,NA,NA,"",   604.375E-03,   601.605E-03,  -57.7948E-03,   868.551E-06
C:/temp/dataset/8/8_16.odb,Step-1,Increment      1: Step Time =    1.000,"PART-1-1",           786,      -11.2484,       19.8991,            0.,NA,NA,"",   580.916E-03,   580.085E-03,   31.0673E-03,   988.482E-06
C:/temp/dataset/8/8_16.odb,Step-1,Increment      1: Step Time =    1.000,"PART-1-1",           787,      -11.3362,       17.4609,            0.,NA,NA,"",   522.191E-03,   521.196E-03,   32.2168E-03,   872.489E-06
C:/temp/dataset/8/8_16.odb,Step-1,Increment      1: Step Time =    1.000,"PART-1-1",           788,      -6.30996,       21.9748,            0.,NA,NA,"",   635.605E-03,   629.526E-03,  -87.6944E-03,   920.984E-06
C:/temp/dataset/8/8_16.odb,Step-1,Increment      1: Step Time =    1.000,"PART-1-1",           789,      -2.24269,       26.0758,            0.,NA,NA,"",   764.200E-03,   738.661E-03,  -195.913E-03,   696.249E-06
C:/temp/dataset/8/8_16.odb,Step-1,Increment      1: Step Time =    1.000,"PART-1-1",           790,       12.7358,       26.1633,            0.,NA,NA,"",       1.02996,   774.164E-03,  -679.323E-03,   16.0726E-03
C:/temp/dataset/8/8_16.odb,Step-1,Increment      1: Step Time =    1.000,"PART-1-1",           791,       13.9485,       24.9485,            0.,NA,NA,"",       1.02126,   744.060E-03,  -699.537E-03,   16.9567E-03
C:/temp/dataset/8/8_16.odb,Step-1,Increment      1: Step Time =    1.000,"PART-1-1",           792,           15.,       26.2313,            0.,NA,NA,"",       1.09396,   792.607E-03,  -754.012E-03,   17.4873E-03
C:/temp/dataset/8/8_16.odb,Step-1,Increment      1: Step Time =    1.000,"PART-1-1",           793,         -8.75,           30.,            0.,NA,NA,"",   839.373E-03,   838.760E-03,  -32.0598E-03,   931.000E-06
C:/temp/dataset/8/8_16.odb,Step-1,Increment      1: Step Time =    1.000,"PART-1-1",           794,      -8.99948,       28.0877,            0.,NA,NA,"",   790.520E-03,   790.137E-03,  -24.5939E-03,   932.523E-06
C:/temp/dataset/8/8_16.odb,Step-1,Increment      1: Step Time =    1.000,"PART-1-1",           795,      -11.0605,       7.76300,            0.,NA,NA,"",   313.481E-03,   312.698E-03,   22.1409E-03,   854.259E-06
C:/temp/dataset/8/8_16.odb,Step-1,Increment      1: Step Time =    1.000,"PART-1-1",           796,      -9.90520,       2.86353,            0.,NA,NA,"",   225.336E-03,   225.336E-03,   77.6699E-06,   187.382E-06
C:/temp/dataset/8/8_16.odb,Step-1,Increment      1: Step Time =    1.000,"PART-1-1",           797,      -11.2331,       2.92838,            0.,NA,NA,"",   227.910E-03,   226.844E-03,   22.0206E-03,   894.443E-06
C:/temp/dataset/8/8_16.odb,Step-1,Increment      1: Step Time =    1.000,"PART-1-1",           798,      -9.88229,       1.35774,            0.,NA,NA,"",   201.120E-03,   201.120E-03,  -243.765E-06,   187.921E-06
C:/temp/dataset/8/8_16.odb,Step-1,Increment      1: Step Time =    1.000,"PART-1-1",           799,           -5.,          6.25,            0.,NA,NA,"",   297.640E-03,   284.636E-03,  -87.0192E-03,   3.48886E-03
C:/temp/dataset/8/8_16.odb,Step-1,Increment      1: Step Time =    1.000,"PART-1-1",           800,      -5.99813,       4.86531,            0.,NA,NA,"",   267.059E-03,   258.581E-03,  -66.7572E-03,   2.08682E-03
C:/temp/dataset/8/8_16.odb,Step-1,Increment      1: Step Time =    1.000,"PART-1-1",           801,           -5.,         -6.25,            0.,NA,NA,"",   112.270E-03,   95.7117E-03,  -58.6841E-03,   5.42826E-03
C:/temp/dataset/8/8_16.odb,Step-1,Increment      1: Step Time =    1.000,"PART-1-1",           802,      -7.47947,      -6.74432,            0.,NA,NA,"",   91.9705E-03,   87.7390E-03,  -27.5762E-03,   1.53885E-03
C:/temp/dataset/8/8_16.odb,Step-1,Increment      1: Step Time =    1.000,"PART-1-1",           803,      -11.2689,      -15.1223,            0.,NA,NA,"",   22.4199E-03,   20.5172E-03,   9.03859E-03,   863.919E-06
C:/temp/dataset/8/8_16.odb,Step-1,Increment      1: Step Time =    1.000,"PART-1-1",           804,          -15.,        -18.75,            0.,NA,NA,"",   21.2709E-03,   9.25945E-03,   19.1498E-03,   2.96279E-03
C:/temp/dataset/8/8_16.odb,Step-1,Increment      1: Step Time =    1.000,"PART-1-1",           805,           -5.,        -18.75,            0.,NA,NA,"",   15.6412E-03,   7.99712E-03,  -13.4422E-03,   4.14825E-03
C:/temp/dataset/8/8_16.odb,Step-1,Increment      1: Step Time =    1.000,"PART-1-1",           806,          -15.,        -23.75,            0.,NA,NA,"",   7.82569E-03,   637.181E-06,   7.79971E-03,   2.04127E-03
C:/temp/dataset/8/8_16.odb,Step-1,Increment      1: Step Time =    1.000,"PART-1-1",           807,      -13.0017,      -23.4761,            0.,NA,NA,"",   6.06528E-03,  -686.182E-06,   6.02634E-03,   1.42527E-03
C:/temp/dataset/8/8_16.odb,Step-1,Increment      1: Step Time =    1.000,"PART-1-1",           808,      -10.8880,      -24.7257,            0.,NA,NA,"",   2.96413E-03,  -2.01500E-03,   2.17390E-03,   810.310E-06
C:/temp/dataset/8/8_16.odb,Step-1,Increment      1: Step Time =    1.000,"PART-1-1",           809,      -12.0004,      -24.2920,            0.,NA,NA,"",   4.16184E-03,  -1.57066E-03,   3.85408E-03,   1.06249E-03
C:/temp/dataset/8/8_16.odb,Step-1,Increment      1: Step Time =    1.000,"PART-1-1",           810,      -11.4496,      -26.3253,            0.,NA,NA,"",   2.71239E-03,  -1.92625E-03,   1.90962E-03,   866.724E-06
C:/temp/dataset/8/8_16.odb,Step-1,Increment      1: Step Time =    1.000,"PART-1-1",           811,      -4.83189,      -26.5259,            0.,NA,NA,"",   2.18294E-03,  -1.87611E-03,  -1.11599E-03,   518.070E-06
C:/temp/dataset/8/8_16.odb,Step-1,Increment      1: Step Time =    1.000,"PART-1-1",           812,      -2.49092,      -26.4256,            0.,NA,NA,"",   2.76540E-03,  -2.44289E-03,  -1.29606E-03,   746.928E-06
C:/temp/dataset/8/8_16.odb,Step-1,Increment      1: Step Time =    1.000,"PART-1-1",           813,      -1.37789,      -25.1306,            0.,NA,NA,"",   2.75338E-03,  -2.03673E-03,  -1.85279E-03,   978.815E-06
C:/temp/dataset/8/8_16.odb,Step-1,Increment      1: Step Time =    1.000,"PART-1-1",           814,          3.75,          -30.,            0.,NA,NA,"",            0.,  -2.27434E-39,  -6.92442E-39,   4.25961E-03
C:/temp/dataset/8/8_16.odb,Step-1,Increment      1: Step Time =    1.000,"PART-1-1",           815,       4.16934,      -27.2851,            0.,NA,NA,"",   9.90164E-03,  -5.06825E-03,  -8.50619E-03,   4.15681E-03
C:/temp/dataset/8/8_16.odb,Step-1,Increment      1: Step Time =    1.000,"PART-1-1",           816,       5.43798,      -24.9943,            0.,NA,NA,"",   22.6375E-03,  -1.25000E-03,  -22.6030E-03,   6.11545E-03
C:/temp/dataset/8/8_16.odb,Step-1,Increment      1: Step Time =    1.000,"PART-1-1",           817,          3.75,          -20.,            0.,NA,NA,"",   32.7828E-03,   20.3443E-03,  -25.7064E-03,   3.71365E-03
C:/temp/dataset/8/8_16.odb,Step-1,Increment      1: Step Time =    1.000,"PART-1-1",           818,       3.87865,      -22.3090,            0.,NA,NA,"",   24.3424E-03,   3.92090E-03,  -24.0246E-03,   4.73925E-03
C:/temp/dataset/8/8_16.odb,Step-1,Increment      1: Step Time =    1.000,"PART-1-1",           819,       4.97861,      -23.9295,            0.,NA,NA,"",   25.5591E-03,   544.203E-06,  -25.5533E-03,   6.16398E-03
C:/temp/dataset/8/8_16.odb,Step-1,Increment      1: Step Time =    1.000,"PART-1-1",           820,       6.87761,      -24.4106,            0.,NA,NA,"",   33.8877E-03,   4.38890E-03,  -33.6023E-03,   8.42384E-03
C:/temp/dataset/8/8_16.odb,Step-1,Increment      1: Step Time =    1.000,"PART-1-1",           821,       6.41824,      -23.3457,            0.,NA,NA,"",   39.3880E-03,   6.68773E-03,  -38.8161E-03,   8.48220E-03
C:/temp/dataset/8/8_16.odb,Step-1,Increment      1: Step Time =    1.000,"PART-1-1",           822,       11.2370,      -25.7479,            0.,NA,NA,"",   42.3974E-03,   17.1730E-03,  -38.7638E-03,   11.5588E-03
C:/temp/dataset/8/8_16.odb,Step-1,Increment      1: Step Time =    1.000,"PART-1-1",           823,       10.9706,      -24.3905,            0.,NA,NA,"",   56.4783E-03,   22.4057E-03,  -51.8438E-03,   11.7424E-03
C:/temp/dataset/8/8_16.odb,Step-1,Increment      1: Step Time =    1.000,"PART-1-1",           824,       9.19650,      -24.7169,            0.,NA,NA,"",   43.2694E-03,   12.4348E-03,  -41.4442E-03,   10.3215E-03
C:/temp/dataset/8/8_16.odb,Step-1,Increment      1: Step Time =    1.000,"PART-1-1",           825,       9.46288,      -26.0743,            0.,NA,NA,"",   31.0180E-03,   8.01033E-03,  -29.9658E-03,   10.0997E-03
C:/temp/dataset/8/8_16.odb,Step-1,Increment      1: Step Time =    1.000,"PART-1-1",           826,       7.41744,      -16.0774,            0.,NA,NA,"",   126.150E-03,   54.4026E-03,  -113.817E-03,   11.3360E-03
C:/temp/dataset/8/8_16.odb,Step-1,Increment      1: Step Time =    1.000,"PART-1-1",           827,            5.,        -16.25,            0.,NA,NA,"",   104.773E-03,   40.9807E-03,  -96.4258E-03,   11.3392E-03
C:/temp/dataset/8/8_16.odb,Step-1,Increment      1: Step Time =    1.000,"PART-1-1",           828,       10.2193,      -13.8888,            0.,NA,NA,"",   176.736E-03,   81.7353E-03,  -156.700E-03,   11.7811E-03
C:/temp/dataset/8/8_16.odb,Step-1,Increment      1: Step Time =    1.000,"PART-1-1",           829,            5.,         -6.25,            0.,NA,NA,"",   222.784E-03,   113.699E-03,  -191.586E-03,   10.9727E-03
C:/temp/dataset/8/8_16.odb,Step-1,Increment      1: Step Time =    1.000,"PART-1-1",           830,       7.31446,      -6.19141,            0.,NA,NA,"",   243.982E-03,   123.930E-03,  -210.163E-03,   9.79441E-03
C:/temp/dataset/8/8_16.odb,Step-1,Increment      1: Step Time =    1.000,"PART-1-1",           831,       6.34046,      -4.95308,            0.,NA,NA,"",   249.111E-03,   130.130E-03,  -212.420E-03,   9.71809E-03
C:/temp/dataset/8/8_16.odb,Step-1,Increment      1: Step Time =    1.000,"PART-1-1",           832,            5.,         13.75,            0.,NA,NA,"",   537.095E-03,   417.139E-03,  -338.329E-03,   8.22975E-03
C:/temp/dataset/8/8_16.odb,Step-1,Increment      1: Step Time =    1.000,"PART-1-1",           833,       7.92352,       13.7239,            0.,NA,NA,"",   586.927E-03,   428.311E-03,  -401.288E-03,   10.5484E-03
C:/temp/dataset/8/8_16.odb,Step-1,Increment      1: Step Time =    1.000,"PART-1-1",           834,       10.1519,       16.6176,            0.,NA,NA,"",   696.143E-03,   501.485E-03,  -482.833E-03,   12.1014E-03
C:/temp/dataset/8/8_16.odb,Step-1,Increment      1: Step Time =    1.000,"PART-1-1",           835,       11.3692,       15.2392,            0.,NA,NA,"",   688.491E-03,   477.621E-03,  -495.881E-03,   13.1550E-03
C:/temp/dataset/8/8_16.odb,Step-1,Increment      1: Step Time =    1.000,"PART-1-1",           836,       12.5765,       16.3836,            0.,NA,NA,"",   741.712E-03,   509.829E-03,  -538.713E-03,   14.2822E-03
C:/temp/dataset/8/8_16.odb,Step-1,Increment      1: Step Time =    1.000,"PART-1-1",           837,       11.3592,       17.7620,            0.,NA,NA,"",   749.790E-03,   534.230E-03,  -526.102E-03,   13.2007E-03
C:/temp/dataset/8/8_16.odb,Step-1,Increment      1: Step Time =    1.000,"PART-1-1",           838,           15.,       23.7188,            0.,NA,NA,"",       1.00896,   714.613E-03,  -712.275E-03,   17.9900E-03
C:/temp/dataset/8/8_16.odb,Step-1,Increment      1: Step Time =    1.000,"PART-1-1",           839,       12.9788,       23.7285,            0.,NA,NA,"",   956.014E-03,   700.208E-03,  -650.901E-03,   15.8507E-03
C:/temp/dataset/8/8_16.odb,Step-1,Increment      1: Step Time =    1.000,"PART-1-1",           840,           15.,      -11.3062,            0.,NA,NA,"",   254.479E-03,   125.610E-03,  -221.318E-03,   13.2527E-03
C:/temp/dataset/8/8_16.odb,Step-1,Increment      1: Step Time =    1.000,"PART-1-1",           841,           15.,      -3.76875,            0.,NA,NA,"",   368.704E-03,   188.481E-03,  -316.887E-03,   14.9565E-03
C:/temp/dataset/8/8_16.odb,Step-1,Increment      1: Step Time =    1.000,"PART-1-1",           842,       8.77849,      -14.9509,            0.,NA,NA,"",   151.069E-03,   67.7425E-03,  -135.028E-03,   11.5053E-03
C:/temp/dataset/8/8_16.odb,Step-1,Increment      1: Step Time =    1.000,"PART-1-1",           843,       8.51352,      -17.2876,            0.,NA,NA,"",   121.382E-03,   52.7321E-03,  -109.329E-03,   11.3461E-03
C:/temp/dataset/8/8_16.odb,Step-1,Increment      1: Step Time =    1.000,"PART-1-1",           844,       8.29028,      -19.4067,            0.,NA,NA,"",   95.4617E-03,   38.8423E-03,  -87.2022E-03,   10.4142E-03
C:/temp/dataset/8/8_16.odb,Step-1,Increment      1: Step Time =    1.000,"PART-1-1",           845,       8.54933,      -8.48207,            0.,NA,NA,"",   228.027E-03,   110.924E-03,  -199.229E-03,   11.0132E-03
C:/temp/dataset/8/8_16.odb,Step-1,Increment      1: Step Time =    1.000,"PART-1-1",           846,       9.61157,      -8.87413,            0.,NA,NA,"",   233.752E-03,   113.143E-03,  -204.545E-03,   11.4869E-03
C:/temp/dataset/8/8_16.odb,Step-1,Increment      1: Step Time =    1.000,"PART-1-1",           847,       9.01937,      -7.15061,            0.,NA,NA,"",   249.466E-03,   123.740E-03,  -216.614E-03,   11.0272E-03
C:/temp/dataset/8/8_16.odb,Step-1,Increment      1: Step Time =    1.000,"PART-1-1",           848,           15.,       16.1812,            0.,NA,NA,"",   789.426E-03,   521.426E-03,  -592.714E-03,   16.3443E-03
C:/temp/dataset/8/8_16.odb,Step-1,Increment      1: Step Time =    1.000,"PART-1-1",           849,       8.94821,       15.2430,            0.,NA,NA,"",   639.996E-03,   465.185E-03,  -439.543E-03,   11.1994E-03
C:/temp/dataset/8/8_16.odb,Step-1,Increment      1: Step Time =    1.000,"PART-1-1",           850,       10.4061,       25.7620,            0.,NA,NA,"",   954.766E-03,   745.363E-03,  -596.666E-03,   14.5593E-03
C:/temp/dataset/8/8_16.odb,Step-1,Increment      1: Step Time =    1.000,"PART-1-1",           851,       11.8949,       24.7039,            0.,NA,NA,"",   959.041E-03,   722.191E-03,  -631.030E-03,   15.1159E-03
C:/temp/dataset/8/8_16.odb,Step-1,Increment      1: Step Time =    1.000,"PART-1-1",           852,       10.0121,   618.030E-03,            0.,NA,NA,"",   373.136E-03,   210.816E-03,  -307.875E-03,   11.6985E-03
C:/temp/dataset/8/8_16.odb,Step-1,Increment      1: Step Time =    1.000,"PART-1-1",           853,       8.14630,  -483.786E-03,            0.,NA,NA,"",   329.042E-03,   186.149E-03,  -271.325E-03,   10.1575E-03
C:/temp/dataset/8/8_16.odb,Step-1,Increment      1: Step Time =    1.000,"PART-1-1",           854,       9.59300,  -925.178E-03,            0.,NA,NA,"",   342.258E-03,   187.940E-03,  -286.040E-03,   11.4483E-03
C:/temp/dataset/8/8_16.odb,Step-1,Increment      1: Step Time =    1.000,"PART-1-1",           855,       8.91739,      -9.92907,            0.,NA,NA,"",   213.630E-03,   101.807E-03,  -187.812E-03,   11.3103E-03
C:/temp/dataset/8/8_16.odb,Step-1,Increment      1: Step Time =    1.000,"PART-1-1",           856,       9.91925,      -10.6601,            0.,NA,NA,"",   214.192E-03,   101.664E-03,  -188.528E-03,   11.7102E-03
C:/temp/dataset/8/8_16.odb,Step-1,Increment      1: Step Time =    1.000,"PART-1-1",           857,       10.2742,      -21.0973,            0.,NA,NA,"",   90.7544E-03,   37.4944E-03,  -82.6470E-03,   11.3606E-03
C:/temp/dataset/8/8_16.odb,Step-1,Increment      1: Step Time =    1.000,"PART-1-1",           858,       9.54806,      -22.4908,            0.,NA,NA,"",   69.5102E-03,   25.4734E-03,  -64.6744E-03,   11.0964E-03
C:/temp/dataset/8/8_16.odb,Step-1,Increment      1: Step Time =    1.000,"PART-1-1",           859,       10.5666,      -23.0191,            0.,NA,NA,"",   70.0081E-03,   27.6671E-03,  -64.3091E-03,   11.5275E-03
C:/temp/dataset/8/8_16.odb,Step-1,Increment      1: Step Time =    1.000,"PART-1-1",           860,       12.3242,       9.79639,            0.,NA,NA,"",   585.933E-03,   375.203E-03,  -450.044E-03,   13.4070E-03
C:/temp/dataset/8/8_16.odb,Step-1,Increment      1: Step Time =    1.000,"PART-1-1",           861,       7.92117,       5.59347,            0.,NA,NA,"",   427.844E-03,   280.672E-03,  -322.915E-03,   9.75939E-03
C:/temp/dataset/8/8_16.odb,Step-1,Increment      1: Step Time =    1.000,"PART-1-1",           862,       8.33004,      -21.4224,            0.,NA,NA,"",   73.0953E-03,   25.9888E-03,  -68.3191E-03,   10.6792E-03
C:/temp/dataset/8/8_16.odb,Step-1,Increment      1: Step Time =    1.000,"PART-1-1",           863,       7.29914,      -22.4807,            0.,NA,NA,"",   53.9891E-03,   14.6883E-03,  -51.9526E-03,   10.0894E-03
C:/temp/dataset/8/8_16.odb,Step-1,Increment      1: Step Time =    1.000,"PART-1-1",           864,       8.51716,      -23.5491,            0.,NA,NA,"",   51.3795E-03,   14.7881E-03,  -49.2053E-03,   10.2999E-03
C:/temp/dataset/8/8_16.odb,Step-1,Increment      1: Step Time =    1.000,"PART-1-1",           865,       6.99898,  -94.4608E-03,            0.,NA,NA,"",   319.086E-03,   186.225E-03,  -259.106E-03,   8.65832E-03
C:/temp/dataset/8/8_16.odb,Step-1,Increment      1: Step Time =    1.000,"PART-1-1",           866,       6.64294,      -1.54983,            0.,NA,NA,"",   294.321E-03,   165.588E-03,  -243.321E-03,   8.52632E-03
C:/temp/dataset/8/8_16.odb,Step-1,Increment      1: Step Time =    1.000,"PART-1-1",           867,       7.79026,      -1.93916,            0.,NA,NA,"",   303.204E-03,   166.202E-03,  -253.593E-03,   10.1211E-03
C:/temp/dataset/8/8_16.odb,Step-1,Increment      1: Step Time =    1.000,"PART-1-1",           868,       11.5427,  -143.487E-03,            0.,NA,NA,"",   382.597E-03,   209.035E-03,  -320.445E-03,   12.7900E-03
C:/temp/dataset/8/8_16.odb,Step-1,Increment      1: Step Time =    1.000,"PART-1-1",           869,       11.3126,       11.6131,            0.,NA,NA,"",   605.472E-03,   403.507E-03,  -451.418E-03,   12.9633E-03
C:/temp/dataset/8/8_16.odb,Step-1,Increment      1: Step Time =    1.000,"PART-1-1",           870,       9.33019,      -20.3146,            0.,NA,NA,"",   92.9962E-03,   37.7741E-03,  -84.9789E-03,   10.9323E-03
C:/temp/dataset/8/8_16.odb,Step-1,Increment      1: Step Time =    1.000,"PART-1-1",           871,       7.28132,      -3.66733,            0.,NA,NA,"",   274.134E-03,   145.405E-03,  -232.393E-03,   10.1190E-03
C:/temp/dataset/8/8_16.odb,Step-1,Increment      1: Step Time =    1.000,"PART-1-1",           872,       5.82701,      -2.52645,            0.,NA,NA,"",   272.896E-03,   150.562E-03,  -227.604E-03,   7.61653E-03
C:/temp/dataset/8/8_16.odb,Step-1,Increment      1: Step Time =    1.000,"PART-1-1",           873,       10.7738,      -1.22826,            0.,NA,NA,"",   353.864E-03,   190.747E-03,  -298.052E-03,   12.2724E-03
C:/temp/dataset/8/8_16.odb,Step-1,Increment      1: Step Time =    1.000,"PART-1-1",           874,       5.18435,       1.03936,            0.,NA,NA,"",   309.742E-03,   196.751E-03,  -239.226E-03,   5.66184E-03
C:/temp/dataset/8/8_16.odb,Step-1,Increment      1: Step Time =    1.000,"PART-1-1",           875,      -5.71989,       2.55098,            0.,NA,NA,"",   231.768E-03,   221.778E-03,  -67.3120E-03,   1.52891E-03
C:/temp/dataset/8/8_16.odb,Step-1,Increment      1: Step Time =    1.000,"PART-1-1",           876,      -6.86925,       3.62296,            0.,NA,NA,"",   243.454E-03,   238.125E-03,  -50.6602E-03,   1.32723E-03
C:/temp/dataset/8/8_16.odb,Step-1,Increment      1: Step Time =    1.000,"PART-1-1",           877,       11.1755,       23.5651,            0.,NA,NA,"",   905.007E-03,   683.720E-03,  -592.928E-03,   14.0375E-03
C:/temp/dataset/8/8_16.odb,Step-1,Increment      1: Step Time =    1.000,"PART-1-1",           878,       10.0167,       23.9572,            0.,NA,NA,"",   888.101E-03,   688.330E-03,  -561.183E-03,   12.6628E-03
C:/temp/dataset/8/8_16.odb,Step-1,Increment      1: Step Time =    1.000,"PART-1-1",           879,       10.8015,       21.7536,            0.,NA,NA,"",   843.021E-03,   631.057E-03,  -558.973E-03,   13.0879E-03
C:/temp/dataset/8/8_16.odb,Step-1,Increment      1: Step Time =    1.000,"PART-1-1",           880,      -8.16238,      -23.1050,            0.,NA,NA,"",   1.88917E-03,  -1.04655E-03,  -1.57280E-03,   808.827E-06
C:/temp/dataset/8/8_16.odb,Step-1,Increment      1: Step Time =    1.000,"PART-1-1",           881,       7.66479,      -7.61710,            0.,NA,NA,"",   229.937E-03,   113.623E-03,  -199.903E-03,   10.5617E-03
C:/temp/dataset/8/8_16.odb,Step-1,Increment      1: Step Time =    1.000,"PART-1-1",           882,       5.33780,      -22.5391,            0.,NA,NA,"",   36.5149E-03,   6.37388E-03,  -35.9543E-03,   7.60353E-03
C:/temp/dataset/8/8_16.odb,Step-1,Increment      1: Step Time =    1.000,"PART-1-1",           883,      -9.54743,       23.1682,            0.,NA,NA,"",   662.051E-03,   661.986E-03,  -9.24931E-03,   1.19182E-03
C:/temp/dataset/8/8_16.odb,Step-1,Increment      1: Step Time =    1.000,"PART-1-1",           884,      -7.33156,       22.8900,            0.,NA,NA,"",   656.897E-03,   653.874E-03,  -62.9498E-03,   1.11975E-03
C:/temp/dataset/8/8_16.odb,Step-1,Increment      1: Step Time =    1.000,"PART-1-1",           885,      -10.1338,       27.3181,            0.,NA,NA,"",   770.144E-03,   770.135E-03,   3.76652E-03,   889.536E-06
C:/temp/dataset/8/8_16.odb,Step-1,Increment      1: Step Time =    1.000,"PART-1-1",           886,      -10.9921,       25.8314,            0.,NA,NA,"",   732.152E-03,   731.713E-03,   25.3416E-03,   971.218E-06
C:/temp/dataset/8/8_16.odb,Step-1,Increment      1: Step Time =    1.000,"PART-1-1",           887,      -9.34891,      -26.6495,            0.,NA,NA,"",   2.19130E-03,  -2.16375E-03,   346.396E-06,   526.195E-06
C:/temp/dataset/8/8_16.odb,Step-1,Increment      1: Step Time =    1.000,"PART-1-1",           888,      -9.91282,      -25.5457,            0.,NA,NA,"",   2.40190E-03,  -2.23028E-03,   891.608E-06,   584.010E-06
C:/temp/dataset/8/8_16.odb,Step-1,Increment      1: Step Time =    1.000,"PART-1-1",           889,       7.84920,      -9.48897,            0.,NA,NA,"",   208.772E-03,   99.8255E-03,  -183.359E-03,   10.9684E-03
C:/temp/dataset/8/8_16.odb,Step-1,Increment      1: Step Time =    1.000,"PART-1-1",           890,       10.1788,       14.4028,            0.,NA,NA,"",   645.033E-03,   453.366E-03,  -458.832E-03,   12.2058E-03
C:/temp/dataset/8/8_16.odb,Step-1,Increment      1: Step Time =    1.000,"PART-1-1",           891,       11.2326,       12.9154,            0.,NA,NA,"",   632.448E-03,   428.580E-03,  -465.091E-03,   12.9463E-03
C:/temp/dataset/8/8_16.odb,Step-1,Increment      1: Step Time =    1.000,"PART-1-1",           892,       9.23404,       11.5815,            0.,NA,NA,"",   565.517E-03,   391.963E-03,  -407.645E-03,   11.5466E-03
C:/temp/dataset/8/8_16.odb,Step-1,Increment      1: Step Time =    1.000,"PART-1-1",           893,   112.429E-03,       26.3323,            0.,NA,NA,"",   789.951E-03,   745.781E-03,  -260.451E-03,   828.104E-06
C:/temp/dataset/8/8_16.odb,Step-1,Increment      1: Step Time =    1.000,"PART-1-1",           894,       9.25881,       26.1684,            0.,NA,NA,"",   937.719E-03,   751.052E-03,  -561.461E-03,   13.0944E-03
C:/temp/dataset/8/8_16.odb,Step-1,Increment      1: Step Time =    1.000,"PART-1-1",           895,       7.09344,       26.4940,            0.,NA,NA,"",   894.293E-03,   752.197E-03,  -483.692E-03,   7.92713E-03
C:/temp/dataset/8/8_16.odb,Step-1,Increment      1: Step Time =    1.000,"PART-1-1",           896,       7.75521,       25.3319,            0.,NA,NA,"",   874.656E-03,   718.358E-03,  -498.984E-03,   9.18488E-03
C:/temp/dataset/8/8_16.odb,Step-1,Increment      1: Step Time =    1.000,"PART-1-1",           897,      -7.14155,      -26.6171,            0.,NA,NA,"",   2.12534E-03,  -2.01118E-03,  -687.194E-06,   443.806E-06
C:/temp/dataset/8/8_16.odb,Step-1,Increment      1: Step Time =    1.000,"PART-1-1",           898,      -8.08000,      -25.5235,            0.,NA,NA,"",   2.16165E-03,  -2.08433E-03,  -572.971E-06,   410.014E-06
C:/temp/dataset/8/8_16.odb,Step-1,Increment      1: Step Time =    1.000,"PART-1-1",           899,      -8.48057,      -5.93862,            0.,NA,NA,"",   98.3572E-03,   96.9630E-03,  -16.5021E-03,   781.918E-06
C:/temp/dataset/8/8_16.odb,Step-1,Increment      1: Step Time =    1.000,"PART-1-1",           900,      -8.12610,       27.0862,            0.,NA,NA,"",   765.718E-03,   764.359E-03,  -45.5875E-03,   1.08366E-03
C:/temp/dataset/8/8_16.odb,Step-1,Increment      1: Step Time =    1.000,"PART-1-1",           901,      -9.26041,       26.3166,            0.,NA,NA,"",   744.330E-03,   744.131E-03,  -17.2213E-03,   1.08440E-03
C:/temp/dataset/8/8_16.odb,Step-1,Increment      1: Step Time =    1.000,"PART-1-1",           902,      -11.3442,       15.0048,            0.,NA,NA,"",   465.503E-03,   464.443E-03,   31.3966E-03,   829.097E-06
C:/temp/dataset/8/8_16.odb,Step-1,Increment      1: Step Time =    1.000,"PART-1-1",           903,      -11.3385,       12.5628,            0.,NA,NA,"",   411.690E-03,   410.584E-03,   30.1624E-03,   856.469E-06
C:/temp/dataset/8/8_16.odb,Step-1,Increment      1: Step Time =    1.000,"PART-1-1",           904,      -8.76514,       3.13980,            0.,NA,NA,"",   230.592E-03,   229.823E-03,  -18.8240E-03,   416.306E-06
C:/temp/dataset/8/8_16.odb,Step-1,Increment      1: Step Time =    1.000,"PART-1-1",           905,      -10.2716,  -495.292E-03,            0.,NA,NA,"",   172.507E-03,   172.412E-03,   5.72633E-03,   389.975E-06
C:/temp/dataset/8/8_16.odb,Step-1,Increment      1: Step Time =    1.000,"PART-1-1",           906,      -8.74135,  -976.005E-03,            0.,NA,NA,"",   166.248E-03,   165.413E-03,  -16.6427E-03,   794.024E-06
C:/temp/dataset/8/8_16.odb,Step-1,Increment      1: Step Time =    1.000,"PART-1-1",           907,      -12.2685,      -22.3380,            0.,NA,NA,"",   6.03108E-03,  -147.748E-06,   6.02927E-03,   1.26473E-03
C:/temp/dataset/8/8_16.odb,Step-1,Increment      1: Step Time =    1.000,"PART-1-1",           908,  -128.822E-03,      -26.2855,            0.,NA,NA,"",   4.64835E-03,  -3.83735E-03,  -2.62334E-03,   1.25365E-03
C:/temp/dataset/8/8_16.odb,Step-1,Increment      1: Step Time =    1.000,"PART-1-1",           909,       9.08441,      -12.4818,            0.,NA,NA,"",   183.656E-03,   84.9198E-03,  -162.843E-03,   11.5411E-03
C:/temp/dataset/8/8_16.odb,Step-1,Increment      1: Step Time =    1.000,"PART-1-1",           910,      -10.0834,       11.4216,            0.,NA,NA,"",   385.776E-03,   385.756E-03,   3.92249E-03,   424.306E-06
C:/temp/dataset/8/8_16.odb,Step-1,Increment      1: Step Time =    1.000,"PART-1-1",           911,      -11.2862,       10.1474,            0.,NA,NA,"",   361.020E-03,   359.945E-03,   27.8361E-03,   912.869E-06
C:/temp/dataset/8/8_16.odb,Step-1,Increment      1: Step Time =    1.000,"PART-1-1",           912,      -6.58594,       1.63223,            0.,NA,NA,"",   213.330E-03,   206.763E-03,  -52.5247E-03,   1.47046E-03
C:/temp/dataset/8/8_16.odb,Step-1,Increment      1: Step Time =    1.000,"PART-1-1",           913,      -11.0544,       22.2894,            0.,NA,NA,"",   640.693E-03,   640.123E-03,   27.0105E-03,   1.12258E-03
C:/temp/dataset/8/8_16.odb,Step-1,Increment      1: Step Time =    1.000,"PART-1-1",           914,      -10.5857,       24.6765,            0.,NA,NA,"",   701.754E-03,   701.580E-03,   15.6528E-03,   1.10119E-03
C:/temp/dataset/8/8_16.odb,Step-1,Increment      1: Step Time =    1.000,"PART-1-1",           915,      -9.16144,      -24.4379,            0.,NA,NA,"",   1.99555E-03,  -1.99103E-03,   134.227E-06,   575.579E-06
C:/temp/dataset/8/8_16.odb,Step-1,Increment      1: Step Time =    1.000,"PART-1-1",           916,       10.2685,      -27.1971,            0.,NA,NA,"",   22.9294E-03,   6.81506E-03,  -21.8932E-03,   10.2591E-03
C:/temp/dataset/8/8_16.odb,Step-1,Increment      1: Step Time =    1.000,"PART-1-1",           917,       11.0541,      -20.1271,            0.,NA,NA,"",   108.106E-03,   47.4461E-03,  -97.1385E-03,   11.6329E-03
C:/temp/dataset/8/8_16.odb,Step-1,Increment      1: Step Time =    1.000,"PART-1-1",           918,       9.15406,       12.8837,            0.,NA,NA,"",   591.640E-03,   417.035E-03,  -419.666E-03,   11.5181E-03
C:/temp/dataset/8/8_16.odb,Step-1,Increment      1: Step Time =    1.000,"PART-1-1",           919,       12.2594,       22.5896,            0.,NA,NA,"",   902.716E-03,   662.709E-03,  -612.954E-03,   14.8662E-03
C:/temp/dataset/8/8_16.odb,Step-1,Increment      1: Step Time =    1.000,"PART-1-1",           920,       11.4390,       20.5291,            0.,NA,NA,"",   824.063E-03,   602.493E-03,  -562.212E-03,   13.5551E-03
C:/temp/dataset/8/8_16.odb,Step-1,Increment      1: Step Time =    1.000,"PART-1-1",           921,       9.26936,      -2.41689,            0.,NA,NA,"",   315.465E-03,   168.497E-03,  -266.696E-03,   11.2721E-03
C:/temp/dataset/8/8_16.odb,Step-1,Increment      1: Step Time =    1.000,"PART-1-1",           922,       5.58568,  -453.309E-03,            0.,NA,NA,"",   295.646E-03,   176.345E-03,  -237.296E-03,   6.18330E-03
C:/temp/dataset/8/8_16.odb,Step-1,Increment      1: Step Time =    1.000,"PART-1-1",           923,      -8.35205,   877.030E-03,            0.,NA,NA,"",   195.405E-03,   193.930E-03,  -23.9696E-03,   859.474E-06
C:/temp/dataset/8/8_16.odb,Step-1,Increment      1: Step Time =    1.000,"PART-1-1",           924,      -7.85594,       2.30266,            0.,NA,NA,"",   219.077E-03,   216.562E-03,  -33.1053E-03,   955.955E-06
C:/temp/dataset/8/8_16.odb,Step-1,Increment      1: Step Time =    1.000,"PART-1-1",           925,      -6.37117,       23.7044,            0.,NA,NA,"",   680.678E-03,   675.067E-03,  -87.2211E-03,   943.647E-06
C:/temp/dataset/8/8_16.odb,Step-1,Increment      1: Step Time =    1.000,"PART-1-1",           926,       8.86937,       24.3636,            0.,NA,NA,"",   872.356E-03,   694.259E-03,  -528.213E-03,   11.1840E-03
C:/temp/dataset/8/8_16.odb,Step-1,Increment      1: Step Time =    1.000,"PART-1-1",           927,       8.44688,      -11.4338,            0.,NA,NA,"",   190.586E-03,   88.7380E-03,  -168.668E-03,   11.3378E-03
